0,0
1,1
2,2
3,3
4,4
5,5

1,0,3,0.280236,2,2.02846,5,2.80793
4,0,5,1.51887
0,0,2,0.386698,1,0.387333,5,0.454235,3,1.04238
0,0,2,2.92879,1,3.36471,5,3.56424,3,8.23148
4,0,5,2.70542
1,0,3,0.0721015,2,0.529369,5,0.696407
0,0,2,0.354976,5,0.448934,1,0.877072,3,2.21475
1,0,2,0.306414,5,0.76427,3,1.11403
1,0,2,0.00900302,3,1.00693,5,1.40721
2,0,5,0.324816
0,0,1,0.428449,3,0.550948,2,0.887893,5,2.18724
1,0,2,0.265927,3,0.738706,5,1.70236
4,0,5,1.0237
2,0,5,0.720483
2,0,5,0.0951813
1,0,2,0.100204,3,0.684142,5,0.761287
2,0,5,0.0134479
1,0,2,1.32372,5,1.37737,3,2.39984
1,0,2,0.691734,3,0.956743,5,1.97518
1,0,2,0.635355,5,0.696188,3,0.76691
0,0,2,0.261099,1,0.272446,5,0.450062,3,4.41592
1,0,2,0.141279,5,0.447499,3,0.46276
2,0,5,0.000542268
0,0,2,1.18312,1,1.45588,3,1.98163,5,2.23004
2,0,5,0.886536
2,0,5,0.878526
2,0,5,1.87262
2,0,5,0.220141
0,0,2,0.0456663,5,0.335627,1,0.696192,3,0.811897
2,0,5,1.83404
1,0,2,0.335878,3,2.03694,5,2.73288
1,0,3,0.881181,2,5.80928,5,9.42579
0,0,1,0.0641148,3,1.21127,2,1.42749,5,1.54741
1,0,3,0.383685,2,1.89489,5,2.84729
4,0,5,0.532413
2,0,5,0.0456159
2,0,5,1.90952
4,0,5,0.894611
2,0,5,0.571109
4,0,5,0.767805
4,0,5,2.07123
0,0,1,0.463196,2,0.892052,3,0.9386,5,1.11136
2,0,5,0.943369
2,0,5,3.56224
4,0,5,0.852149
2,0,5,0.0539423
4,0,5,2.03112
0,0,2,1.81893,1,2.38408,3,3.75822,5,4.46311
1,0,2,0.786783,3,1.05118,5,1.58019
2,0,5,0.0707719
4,0,5,0.0954961
1,0,2,0.149824,3,0.75234,5,0.831129
1,0,2,0.201429,3,0.279921,5,0.973089
4,0,5,0.457698
0,0,2,0.353528,5,0.366465,1,0.372542,3,0.533568
1,0,2,0.664687,5,1.54651,3,2.26882
1,0,3,0.315056,2,0.820893,5,0.961001
0,0,2,0.298789,1,0.347382,3,0.991763,5,4.25725
0,0,1,0.337682,2,0.715509,3,0.720335,5,2.32718
1,0,3,0.116513,2,0.144006,5,0.752907
4,0,5,0.797736
1,0,2,0.807384,3,1.15286,5,1.47163
2,0,5,0.821604
0,0,1,1.00742,2,1.00831,5,1.46957,3,2.8808
0,0,2,0.257021,5,0.575389,1,7.03673,3,7.90966
4,0,5,0.344012
1,0,2,2.35864,3,2.50424,5,2.62782
1,0,2,1.54247,3,1.5439,5,4.05503
2,0,5,1.31225
2,0,5,1.25866
0,0,1,0.243518,2,0.861661,3,1.88358,5,5.34318
4,0,5,0.0169063
2,0,5,0.198785
4,0,5,0.920942
2,0,5,1.73228
1,0,2,0.0121363,3,1.35802,5,1.46628
2,0,5,0.362395
0,0,2,0.283769,1,0.362057,5,0.684963,3,3.23662
0,0,2,1.14326,1,1.48277,5,1.50017,3,1.75383
2,0,5,1.10967
0,0,2,1.82209,1,1.94459,3,2.15129,5,2.54502
4,0,5,0.637621
1,0,2,0.530826,3,0.657619,5,1.37283
4,0,5,0.742555
0,0,1,1.27549,2,2.27044,3,2.64622,5,2.66826
4,0,5,0.665656
0,0,2,0.0568319,1,0.327438,5,0.831846,3,1.46201
2,0,5,0.911719
2,0,5,0.0135892
4,0,5,0.400331
1,0,2,0.187247,5,1.48111,3,4.20301
1,0,3,0.0857238,2,0.604886,5,1.92684
0,0,2,1.82791,5,2.17471,1,3.81292,3,4.64157
2,0,5,0.285405
1,0,3,0.282545,2,1.27471,5,3.03976
4,0,5,2.52677
2,0,5,0.101699
2,0,5,0.829137
2,0,5,0.536507
4,0,5,2.70531
1,0,2,0.942297,3,1.53328,5,1.89481
4,0,5,0.416951
0,0,2,0.203424,5,1.19253,1,1.27193,3,2.44257
2,0,5,2.26532
2,0,5,1.51102
0,0,2,0.32329,5,1.53724,1,1.83087,3,2.56943
0,0,1,0.653949,2,0.806339,5,0.988242,3,1.90591
2,0,5,0.548569
0,0,1,0.611764,2,0.767024,5,1.74108,3,4.14004
2,0,5,0.302513
4,0,5,0.623124
4,0,5,2.09959
0,0,2,1.04606,5,1.53362,1,1.66985,3,3.74185
2,0,5,0.0470617
2,0,5,1.35087
2,0,5,0.206965
2,0,5,0.273625
2,0,5,1.56273
2,0,5,1.73742
4,0,5,2.49488
2,0,5,0.17888
4,0,5,3.51879
1,0,3,0.262096,2,0.704725,5,0.772971
2,0,5,1.0226
2,0,5,0.693237
4,0,5,0.397641
0,0,1,0.278696,2,1.74589,3,1.78527,5,2.32107
2,0,5,1.49254
1,0,2,0.42616,5,0.721735,3,1.7962
0,0,1,0.4125,2,0.46468,5,0.941031,3,1.1378
1,0,3,0.521641,2,4.02047,5,4.34638
1,0,3,0.817277,2,2.92445,5,3.57996
4,0,5,2.7279
2,0,5,0.0230842
0,0,2,0.807594,5,1.10428,1,1.11153,3,2.8754
0,0,2,0.0357813,1,0.0621676,5,1.40244,3,2.15086
1,0,3,0.172479,2,2.25204,5,3.25018
0,0,2,0.137099,5,0.413846,1,0.550302,3,0.907275
2,0,5,0.0669504
0,0,2,0.617104,1,1.01588,5,1.4044,3,2.44116
0,0,2,0.749972,1,0.863749,5,1.98865,3,2.39444
4,0,5,0.639722
2,0,5,0.340289
0,0,2,0.777045,5,2.23433,1,2.51324,3,3.22385
4,0,5,1.32381
2,0,5,0.855217
2,0,5,2.00962
1,0,2,0.0554656,5,0.556339,3,1.76518
1,0,2,1.05701,3,1.2294,5,1.73103
2,0,5,0.319595
1,0,2,3.09355,3,3.18398,5,4.96881
1,0,3,0.655267,2,2.78496,5,2.85845
4,0,5,0.347487
0,0,2,0.34028,5,1.31217,1,1.34026,3,2.79866
2,0,5,0.149443
1,0,2,0.810762,5,1.45746,3,3.37427
4,0,5,0.283459
2,0,5,0.622636
2,0,5,0.0127563
1,0,2,0.142123,3,1.16602,5,2.05003
1,0,3,0.070514,2,0.759127,5,1.12907
4,0,5,0.613348
2,0,5,0.0563055
1,0,3,1.06824,2,3.19236,5,5.39946
1,0,2,0.656288,5,1.23346,3,3.79847
2,0,5,0.65989
2,0,5,0.30493
1,0,3,1.65034,2,3.78101,5,4.18001
4,0,5,2.71371
1,0,2,0.0821677,5,1.04945,3,1.50663
0,0,2,0.369432,5,0.64079,1,3.63668,3,6.19643
2,0,5,0.681279
1,0,3,0.32319,2,0.5081,5,1.1633
0,0,2,0.0241743,5,0.578673,1,1.82375,3,2.45594
2,0,5,0.404891
1,0,3,0.493088,2,0.600137,5,1.00366
4,0,5,0.559346
2,0,5,1.88904
4,0,5,0.312844
1,0,3,0.649966,2,2.96391,5,4.10134
2,0,5,2.23324
1,0,3,0.0669398,2,0.492477,5,0.751209
4,0,5,0.720146
1,0,2,0.360976,3,0.897622,5,1.08078
4,0,5,0.341857
4,0,5,1.2726
0,0,2,0.0637346,1,0.633955,3,1.149,5,1.51019
4,0,5,0.383472
1,0,2,0.639771,3,1.4685,5,2.57991
2,0,5,1.38062
1,0,3,0.152259,2,1.2897,5,2.5665
4,0,5,0.679599
1,0,3,0.353151,2,0.875928,5,1.70491
0,0,1,0.266345,2,1.08445,3,1.33178,5,2.29826
2,0,5,1.0832
0,0,2,0.55655,5,1.27957,1,2.88946,3,5.05686
2,0,5,0.145477
2,0,5,1.00132
4,0,5,1.8189
4,0,5,2.8521
0,0,1,0.75907,2,0.882703,3,1.61678,5,1.76883
2,0,5,0.083934
1,0,3,0.557844,2,1.76728,5,5.22811
2,0,5,0.139844
4,0,5,0.208384
1,0,3,0.544964,2,0.86741,5,1.15623
2,0,5,1.66311
0,0,1,0.128786,3,0.257689,2,0.471117,5,1.49449
4,0,5,1.82617
0,0,2,0.393498,5,0.968663,1,2.33895,3,2.46884
4,0,5,0.453807
2,0,5,0.720579
1,0,3,0.960714,2,0.974226,5,1.34881
2,0,5,0.738896
1,0,3,0.939133,2,1.4354,5,1.45982
1,0,3,0.0957507,2,0.383901,5,1.39891
4,0,5,0.230322
1,0,3,0.69589,2,2.61032,5,3.33625
0,0,2,0.30008,5,0.369598,1,0.693833,3,2.61664
0,0,2,0.0279096,5,0.923963,1,2.52171,3,2.55925
1,0,2,1.61908,3,2.04422,5,3.24716
1,0,2,0.552205,3,0.820371,5,1.0872
1,0,3,0.961505,2,0.999122,5,1.50973
4,0,5,0.359441
1,0,2,0.163368,3,0.199028,5,0.394819
1,0,3,0.44776,2,0.73443,5,1.17062
4,0,5,0.224351
1,0,3,0.94289,2,1.02814,5,2.12384
0,0,2,1.23263,5,1.63781,1,1.93173,3,3.08787
2,0,5,0.507084
4,0,5,0.0824803
0,0,1,1.06579,3,1.24773,2,1.3313,5,3.41563
0,0,2,0.780786,5,1.75678,1,3.02213,3,3.30203
2,0,5,0.229563
4,0,5,1.24252
0,0,2,0.664384,5,0.994062,1,1.13753,3,2.59899
1,0,2,0.985214,3,2.99487,5,3.59093
0,0,2,0.174891,1,0.861442,5,1.40233,3,1.88999
0,0,1,0.528618,3,0.994103,2,0.996849,5,1.054
1,0,3,0.517637,2,0.810018,5,1.09995
4,0,5,2.03238
0,0,2,0.182268,1,0.407505,3,0.425636,5,0.724782
4,0,5,0.0817819
4,0,5,0.0328092
4,0,5,0.328789
4,0,5,0.177833
1,0,3,0.314097,2,0.415686,5,0.857255
4,0,5,0.62572
1,0,2,0.140196,5,0.225789,3,0.815608
2,0,5,0.0494494
1,0,3,0.0381844,2,0.178678,5,1.27851
4,0,5,0.623703
4,0,5,0.0726889
4,0,5,0.0603564
0,0,2,0.12022,1,1.39847,3,1.5776,5,1.74895
0,0,2,0.175928,1,0.472819,5,0.573948,3,0.610607
2,0,5,2.15756
1,0,2,0.391466,3,0.464017,5,1.17992
1,0,3,1.04585,2,3.43364,5,3.59019
4,0,5,0.413358
2,0,5,2.81408
4,0,5,1.73489
4,0,5,0.108427
4,0,5,3.41114
0,0,2,0.563278,5,0.673401,1,0.719056,3,1.09216
1,0,2,0.0543296,5,0.102195,3,1.40936
0,0,1,0.154136,3,0.399429,2,1.52597,5,4.51387
4,0,5,0.444142
0,0,1,1.98709,2,2.04761,5,2.46938,3,2.67654
1,0,3,0.10197,2,2.13371,5,2.53582
2,0,5,0.937786
4,0,5,1.41469
0,0,1,0.317033,2,0.433748,3,0.481088,5,4.22548
0,0,2,1.01897,5,1.26787,1,1.67143,3,2.07734
0,0,1,1.04648,2,1.85053,3,2.82369,5,3.34799
0,0,1,0.120462,2,0.545827,5,0.903018,3,0.947735
4,0,5,0.163616
0,0,1,1.3293,2,1.77219,5,1.77345,3,3.94409
2,0,5,2.10193
4,0,5,0.855414
0,0,2,0.834876,1,1.5438,3,3.78771,5,4.24379
0,0,1,0.232209,2,1.35664,3,1.49641,5,2.32257
2,0,5,0.0741551
4,0,5,0.483595
1,0,2,0.23428,3,0.359303,5,4.2378
0,0,2,0.110972,5,0.534659,1,2.16692,3,3.12818
4,0,5,1.10476
2,0,5,0.089522
2,0,5,0.314733
4,0,5,0.13034
4,0,5,1.06879
0,0,1,1.04395,3,1.29705,2,1.60276,5,1.77212
2,0,5,0.201729
2,0,5,0.831547
4,0,5,1.26746
1,0,3,0.294935,2,0.468161,5,2.31624
0,0,2,0.490929,5,0.648047,1,1.3785,3,1.87535
1,0,3,1.33994,2,2.0152,5,4.08643
4,0,5,0.286983
2,0,5,0.778893
2,0,5,1.44955
4,0,5,2.50928
1,0,2,1.88018,5,2.09198,3,2.11879
1,0,3,2.80905,2,3.0896,5,3.27626
0,0,1,0.221685,3,0.733855,2,1.13994,5,1.56275
1,0,2,0.207879,3,0.882905,5,3.65496
2,0,5,0.0258646
2,0,5,0.398868
4,0,5,0.332765
2,0,5,1.50265
1,0,3,0.803377,2,6.45438,5,7.34655
2,0,5,0.666507
1,0,2,0.151392,3,0.230833,5,0.646561
2,0,5,0.471597
1,0,2,0.439451,3,1.35046,5,4.0891
1,0,3,0.442661,2,1.57142,5,2.15066
0,0,1,0.800495,2,1.33527,3,1.41188,5,2.06177
1,0,3,1.01447,2,2.50599,5,4.80052
1,0,3,0.091017,2,0.17237,5,0.3612
2,0,5,0.20668
4,0,5,0.801356
0,0,1,0.203636,2,0.75884,5,0.83071,3,1.11605
0,0,2,0.658561,1,0.971686,3,0.985939,5,2.13804
2,0,5,0.779837
1,0,3,0.301197,2,0.89336,5,4.35893
1,0,3,0.206791,2,1.6469,5,2.93836
4,0,5,0.894954
4,0,5,0.325325
1,0,2,0.2249,5,0.690442,3,8.19747
1,0,3,0.708855,2,0.75108,5,1.38668
0,0,1,0.153239,2,1.07168,3,1.10279,5,1.2384
2,0,5,0.267185
2,0,5,0.0388233
2,0,5,1.05044
2,0,5,1.61445
4,0,5,0.610969
1,0,2,0.0104189,3,0.225083,5,0.599607
4,0,5,2.23483
1,0,3,0.559269,2,1.4012,5,2.49672
2,0,5,0.168844
2,0,5,1.1024
4,0,5,0.295614
2,0,5,0.909356
1,0,2,0.587972,3,0.704984,5,1.07492
0,0,1,1.36108,2,1.83797,3,2.42968,5,5.56074
4,0,5,0.493112
0,0,2,0.3142,1,0.564864,5,1.29777,3,1.54229
1,0,2,0.53937,3,0.871878,5,2.73934
4,0,5,0.378096
4,0,5,0.0257918
1,0,2,0.743716,5,0.751568,3,2.20607
2,0,5,2.0617
2,0,5,0.80944
1,0,3,0.00282726,2,0.152556,5,0.751662
4,0,5,0.166851
0,0,1,0.408953,2,0.421179,3,1.19068,5,2.25785
0,0,2,0.0274087,5,0.541646,1,1.26113,3,4.02756
2,0,5,0.0519313
2,0,5,1.26503
4,0,5,0.842055
4,0,5,0.95512
4,0,5,0.205519
1,0,2,0.380726,3,1.15841,5,2.16165
2,0,5,1.79719
2,0,5,1.73553
1,0,2,0.393855,3,0.65878,5,1.5227
1,0,2,0.138759,3,0.809409,5,2.05082
1,0,2,0.0597697,3,0.125166,5,0.473881
2,0,5,4.13052
1,0,3,1.01834,2,2.21564,5,2.79344
0,0,1,1.40448,3,1.52533,2,3.73551,5,3.85616
1,0,3,0.0654896,2,0.205281,5,0.74474
1,0,3,0.283243,2,0.7513,5,1.85298
2,0,5,0.66755
0,0,1,0.0335177,3,0.82193,2,1.23287,5,1.34889
4,0,5,1.38487
4,0,5,0.174882
2,0,5,0.344635
1,0,2,0.641884,3,0.64329,5,3.03293
4,0,5,0.245734
1,0,2,1.17811,5,1.457,3,1.68757
2,0,5,1.11684
0,0,1,0.0771299,2,0.893899,5,1.46472,3,1.86518
4,0,5,1.96426
1,0,2,1.03754,3,1.81482,5,2.17027
2,0,5,0.44414
4,0,5,3.27855
0,0,2,0.608753,5,1.31982,1,2.54831,3,3.92378
4,0,5,0.417618
2,0,5,6.39832
1,0,3,0.0455043,2,1.14452,5,2.19643
1,0,2,0.0146171,3,2.15036,5,3.18745
1,0,2,0.241713,3,1.51235,5,2.52979
2,0,5,0.826654
1,0,3,0.125221,2,0.599241,5,0.759821
4,0,5,0.103145
1,0,3,0.00171139,2,1.45265,5,2.7948
2,0,5,0.29367
2,0,5,0.266164
4,0,5,0.443689
4,0,5,1.70441
2,0,5,0.686454
1,0,2,0.107545,5,0.570945,3,1.23386
2,0,5,0.608716
2,0,5,2.90388
0,0,1,0.0250164,2,0.164419,5,0.821355,3,3.4565
0,0,2,1.47591,1,1.6443,5,1.99183,3,2.24309
2,0,5,0.252335
4,0,5,0.344749
1,0,3,0.00535315,2,2.63615,5,3.94579
4,0,5,0.289771
1,0,3,0.0923641,2,0.371488,5,2.13625
0,0,2,0.093374,5,0.445512,1,0.730066,3,2.51127
0,0,2,0.600814,1,1.56034,5,1.58759,3,1.77514
2,0,5,1.09182
4,0,5,0.792121
4,0,5,0.404809
1,0,2,0.199421,5,0.812286,3,0.974674
2,0,5,0.292649
4,0,5,0.899557
4,0,5,0.413733
4,0,5,1.06959
2,0,5,0.373384
1,0,3,0.0260975,2,3.83247,5,6.75584
4,0,5,1.81063
2,0,5,4.45859
1,0,2,0.0817874,5,0.688729,3,2.20794
2,0,5,0.586057
0,0,1,0.730995,2,0.939219,5,0.999949,3,1.31241
0,0,1,0.52825,3,1.47659,2,1.7914,5,2.0847
1,0,2,0.590033,3,1.31459,5,2.73422
2,0,5,1.65197
1,0,2,0.433626,3,0.635511,5,3.05291
1,0,2,0.970337,5,1.67707,3,2.31408
1,0,3,0.00621358,2,1.04093,5,1.15505
4,0,5,0.221109
2,0,5,1.19992
2,0,5,1.9432
1,0,3,0.315202,2,0.693477,5,3.18725
1,0,3,0.953943,2,1.75489,5,2.73672
0,0,1,0.154897,2,0.267657,5,0.304117,3,0.389157
1,0,3,0.598176,2,1.2585,5,1.58853
1,0,3,0.152596,2,1.0445,5,1.93072
4,0,5,0.0880801
1,0,2,0.00212038,5,0.533727,3,0.914984
2,0,5,0.606171
0,0,2,0.0312636,5,0.414964,1,0.553909,3,1.12685
0,0,2,1.18397,5,1.20623,1,1.22802,3,1.76638
1,0,3,0.213515,2,2.49623,5,2.87946
4,0,5,1.58889
2,0,5,1.62219
4,0,5,1.39826
4,0,5,0.659577
1,0,3,0.516337,2,1.10053,5,1.34872
2,0,5,0.0467209
2,0,5,0.252265
1,0,2,0.172036,5,0.435489,3,0.465218
0,0,2,0.369945,5,0.576204,1,0.738649,3,1.96013
4,0,5,0.106874
0,0,2,0.7678,1,1.34738,3,3.73509
2,0,5,0.387072
2,0,5,0.294017
2,0,5,1.27407
2,0,5,5.26265
1,0,3,0.0760504,2,2.82688,5,4.36558
1,0,3,1.2497,2,1.37176,5,1.67535
4,0,5,0.748258
4,0,5,0.0800596
2,0,5,1.38368
2,0,5,0.37993
1,0,2,0.746712,5,1.42716,3,1.56661
1,0,3,0.92511,2,1.33602,5,1.5955
0,0,1,0.253969,3,0.706021,2,0.788605,5,1.22387
1,0,2,0.186942,5,0.435119,3,1.30146
4,0,5,2.12029
2,0,5,0.00818013
4,0,5,0.855825
1,0,3,0.0567709,2,0.456429,5,1.29958
1,0,2,0.975035,5,1.16293,3,1.39921
2,0,5,1.47578
2,0,5,3.1352
4,0,5,0.193303
0,0,2,0.287543,5,0.289245,1,0.669481,3,2.22253
4,0,5,1.01595
1,0,3,0.194095,2,0.949098,5,1.05534
2,0,5,0.202036
2,0,5,0.201577
1,0,2,0.779742,3,0.879235,5,1.3028
2,0,5,0.404188
4,0,5,0.302326
2,0,5,0.388855
4,0,5,1.4404
4,0,5,0.384569
2,0,5,1.9242
0,0,1,0.369664,2,0.4979,3,1.96439,5,2.02696
0,0,2,0.300461,1,0.334829,5,1.93404,3,4.22421
2,0,5,0.273349
4,0,5,0.867029
2,0,5,0.390304
2,0,5,2.98594
4,0,5,0.456193
1,0,3,0.32126,2,2.21164,5,6.2562
0,0,1,0.445734,2,0.830635,3,1.86258,5,1.9396
2,0,5,0.978781
0,0,1,0.262858,2,0.533721,5,2.22332,3,3.29391
1,0,2,0.176164,3,1.08337,5,1.17489
0,0,2,0.204202,5,0.556129,1,1.27811,3,1.41694
1,0,2,0.58979,3,0.633124,5,1.63685
2,0,5,0.0284098
1,0,3,1.43655,2,1.96007,5,2.18127
1,0,2,0.141692,3,0.506883,5,3.39465
2,0,5,0.0216308
1,0,2,0.314869,5,0.443978,3,1.80155
4,0,5,0.389222
2,0,5,0.0979361
2,0,5,0.524731
0,0,1,0.187136,2,0.565442,5,1.10653,3,3.68113
2,0,5,1.86395
4,0,5,1.1792
1,0,2,0.998019,3,1.56049,5,4.35126
4,0,5,0.982945
0,0,2,0.0332951,5,0.507657,1,1.03723,3,2.09684
1,0,3,0.570115,2,0.661631,5,1.02344
0,0,2,0.306347,1,0.779052,5,2.12776,3,5.16416
1,0,3,0.069246,2,0.2163,5,0.789907
1,0,2,0.316832,5,0.988559,3,2.19665
4,0,5,0.744914
2,0,5,1.90722
2,0,5,0.643488
0,0,1,0.531381,2,0.626844,3,0.809018,5,1.30418
4,0,5,0.769576
1,0,2,0.366315,5,0.73339,3,3.36189
2,0,5,0.296481
2,0,5,1.24234
4,0,5,0.857282
1,0,2,0.840648,5,1.79997,3,2.82944
1,0,3,0.304043,2,1.56597,5,1.9387
0,0,2,0.688562,1,1.00234,3,1.20908,5,2.77827
4,0,5,0.615158
0,0,1,0.310764,2,0.458816,5,0.805797,3,0.982577
0,0,2,0.0246541,1,0.327188,5,0.373789,3,1.289
2,0,5,1.69088
0,0,2,0.163181,1,0.356339,5,0.876001,3,2.07538
0,0,1,1.45239,3,1.58958,2,2.09163,5,3.17359
4,0,5,1.67325
0,0,1,0.197314,3,0.365717,2,0.860145,5,2.83568
2,0,5,0.198285
1,0,2,0.0254124,5,0.332006,3,1.28886
1,0,2,0.245677,5,0.472098,3,4.39299
0,0,2,0.602959,5,1.07005,1,4.06123,3,5.22602
1,0,3,0.205441,2,0.42829,5,0.735318
4,0,5,0.376052
0,0,1,0.28206,2,1.15145,5,1.71462,3,2.54449
0,0,2,0.484303,1,1.55214,5,1.90741,3,3.97491
1,0,3,0.21841,2,0.521432,5,1.46366
2,0,5,0.225865
2,0,5,0.524428
2,0,5,0.146458
0,0,1,0.749233,2,0.887632,3,1.08504,5,4.11279
2,0,5,0.235522
1,0,2,0.381782,5,0.810389,3,1.64633
2,0,5,1.29676
2,0,5,1.47693
2,0,5,1.50863
0,0,2,0.240497,5,1.48359,1,2.78471,3,3.74022
2,0,5,0.300215
2,0,5,0.628242
1,0,3,0.0328668,2,0.0673728,5,0.599984
0,0,2,0.140089,1,1.06224,3,2.2271,5,5.16742
0,0,2,0.200959,1,0.673199,5,1.71319,3,2.324
0,0,2,0.112446,1,0.439024,5,0.815786,3,2.4118
0,0,2,1.02021,5,2.4307,1,3.14288,3,3.70381
2,0,5,1.0467
0,0,2,0.0847484,5,1.22186,1,1.24036,3,1.65217
1,0,2,0.0683567,5,0.297752,3,0.661489
2,0,5,1.1792
4,0,5,1.13039
1,0,3,0.370601,2,2.82712,5,4.46185
1,0,2,0.661889,3,1.13068,5,1.27212
4,0,5,0.490428
2,0,5,0.0188881
2,0,5,0.441266
1,0,2,1.2546,3,1.76212,5,2.06752
2,0,5,1.93704
0,0,1,0.136455,3,0.357944,2,0.416034,5,0.556683
4,0,5,1.11422
4,0,5,0.505595
0,0,1,0.215991,3,0.511553,2,1.09006,5,2.21832
1,0,3,0.679626,2,0.685559,5,0.792582
1,0,2,0.041953,3,0.729293,5,1.78954
2,0,5,0.662053
2,0,5,0.296869
2,0,5,1.06163
1,0,2,0.0377829,3,0.187456,5,2.34488
4,0,5,2.25945
2,0,5,0.248315
1,0,3,2.11194,2,3.71554,5,4.06672
2,0,5,2.42129
4,0,5,0.0714148
2,0,5,0.528252
1,0,3,0.97851,2,1.30001,5,2.65966
0,0,1,0.0172676,2,1.29224,5,1.73592,3,3.12589
2,0,5,0.624976
1,0,2,0.128583,5,1.89125,3,2.55699
1,0,2,0.0443998,5,0.559108,3,2.34333
4,0,5,0.83555
2,0,5,0.924755
0,0,1,0.413732,2,0.808845,5,1.55664,3,1.76916
4,0,5,0.247872
1,0,2,1.45694,3,1.86835,5,1.91321
1,0,2,2.33136,5,3.40052,3,3.47314
1,0,2,0.0711798,3,1.32458,5,1.47581
0,0,1,0.223103,3,0.746039,2,0.756251,5,0.964697
0,0,1,0.417236,2,0.595402,3,0.698596,5,2.23298
2,0,5,0.580493
0,0,1,0.354153,2,0.498304,3,0.615384,5,2.63984
0,0,2,2.09374,1,2.97248,3,3.20318,5,5.146
0,0,2,0.172136,1,1.27257,5,1.67187,3,1.94957
1,0,2,1.25691,5,1.92891,3,2.20471
4,0,5,0.0200229
0,0,1,0.374564,3,0.783561,2,1.17598,5,2.98975
0,0,1,0.358103,2,2.20064,3,3.64173,5,4.26294
1,0,3,0.153506,2,0.165821,5,1.40096
0,0,2,0.407607,5,0.77917,1,1.60402,3,1.8737
0,0,2,0.124588,5,1.57021,1,4.33192,3,6.02358
0,0,1,0.131594,2,0.446141,5,0.511291,3,0.693406
2,0,5,1.02251
0,0,1,0.0352938,3,0.0496064,2,0.363885,5,2.19034
0,0,2,0.063618,1,0.414586,3,2.06873,5,2.68593
1,0,2,0.961697,3,1.00427,5,1.42578
1,0,2,0.257231,5,0.401057,3,6.64462
0,0,2,0.471718,1,0.619957,3,0.68277,5,1.43824
4,0,5,1.33277
2,0,5,2.43133
0,0,2,0.0958855,1,0.568936,5,1.29078,3,2.52343
0,0,1,0.329003,2,0.613724,3,0.801896,5,3.3543
1,0,3,0.00394854,2,0.706264,5,0.970632
1,0,3,1.18174,2,3.69813,5,4.46095
2,0,5,0.88145
0,0,2,1.00293,5,1.18313,1,1.54549,3,3.23087
1,0,2,0.201553,5,0.962609,3,2.92664
0,0,1,1.12137,2,1.21477,5,1.88659,3,2.31972
1,0,3,1.38316,2,1.89229,5,1.95193
0,0,2,0.104159,1,0.686813,5,0.816954,3,1.97519
4,0,5,3.05365
1,0,3,0.625467,2,1.868,5,1.93072
0,0,2,1.0037,1,1.23269,3,2.04163,5,3.39244
0,0,1,0.0529314,2,0.659795,5,1.03417,3,1.04204
1,0,2,0.868336,5,1.08677,3,3.11509
4,0,5,0.0419469
1,0,2,0.443629,5,0.646711,3,2.21922
2,0,5,0.455342
4,0,5,1.78422
2,0,5,0.295935
1,0,2,0.40044,5,0.701913,3,2.16079
4,0,5,0.0709276
4,0,5,2.79459
0,0,2,0.0324617,1,1.01368,5,1.77082,3,2.34304
2,0,5,0.572501
1,0,3,0.00826279,2,0.732405,5,1.08983
1,0,2,0.206556,3,0.716686,5,6.40393
0,0,1,0.874173,3,0.902081,2,3.125,5,3.98016
0,0,1,1.15578,2,1.3744,3,1.64609,5,2.85453
0,0,2,0.755667,1,1.32162,3,1.75888,5,2.35358
4,0,5,0.533082
1,0,2,0.0476441,5,1.08714,3,3.83143
1,0,2,1.28339,5,1.84994,3,1.98907
2,0,5,0.33151
0,0,1,0.24262,3,0.245471,2,1.16126,5,3.02402
0,0,2,0.181592,1,1.85716,3,2.33661,5,2.97453
0,0,1,0.0473735,2,0.755067,3,1.96849,5,2.06603
0,0,2,0.14735,1,0.548344,5,1.33737,3,4.97032
2,0,5,1.49315
0,0,2,0.0510058,1,1.36157,5,1.47609,3,3.51791
2,0,5,0.664234
1,0,2,0.885023,3,1.11627,5,2.15467
1,0,3,0.0724795,2,0.190847,5,0.257081
1,0,3,0.0871997,2,2.21099,5,2.87305
1,0,3,0.450884,2,1.9934,5,3.93238
4,0,5,0.465682
1,0,2,0.143225,5,0.635986,3,1.34255
2,0,5,0.6389
4,0,5,1.00195
1,0,3,0.315162,2,1.21702,5,1.76592
4,0,5,1.67593
1,0,2,0.259653,3,0.585078,5,0.860254
1,0,3,0.269778,2,0.733423,5,0.761757
0,0,1,0.184183,2,0.242857,5,1.24806,3,3.71654
0,0,2,0.314504,5,0.749343,1,1.01437,3,2.07551
4,0,5,1.9999
0,0,1,1.06031,2,1.1562,5,1.80504,3,2.69685
2,0,5,1.58918
1,0,3,0.690238,2,2.71698,5,2.73599
1,0,2,0.639757,3,1.04019,5,1.64863
2,0,5,1.28501
0,0,2,0.00521999,5,0.705968,1,0.794569,3,0.864054
1,0,2,0.807954,5,2.11601,3,3.24909
4,0,5,1.89557
2,0,5,0.143475
2,0,5,0.0656019
4,0,5,0.0521464
1,0,3,1.24353,2,1.25709,5,1.86641
2,0,5,6.22881
0,0,2,0.486434,5,2.11154,1,2.21605,3,4.05892
4,0,5,0.599078
2,0,5,0.519365
2,0,5,0.371072
1,0,2,1.18452,5,1.29194,3,1.95013
0,0,1,0.0320669,3,0.49602,2,0.510138,5,2.56557
0,0,1,0.113543,3,0.49238,2,0.612884,5,3.86147
4,0,5,0.214511
1,0,2,1.20696,3,2.68363,5,3.03829
0,0,1,0.380885,2,0.707815,5,0.805002,3,1.01743
4,0,5,1.46739
2,0,5,1.39129
1,0,3,1.23959,2,1.51799,5,1.94424
0,0,1,1.14824,2,2.14678,5,2.28019,3,5.98838
2,0,5,1.61772
4,0,5,1.35611
4,0,5,2.22887
0,0,1,0.567645,3,0.670922,2,1.614,5,1.77633
4,0,5,0.188956
4,0,5,3.9309
2,0,5,0.116172
1,0,3,0.143982,2,5.55723,5,7.00225
1,0,3,0.149341,2,1.39152,5,2.19156
1,0,3,0.282242,2,0.722091,5,5.92703
4,0,5,1.79365
1,0,3,0.19142,2,0.59137,5,0.616219
1,0,3,0.371651,2,0.479154,5,4.11678
0,0,2,0.86537,5,0.871444,1,1.70619,3,3.68926
1,0,2,1.65021,3,2.28044,5,2.72587
0,0,1,0.385251,2,0.773418,3,0.843236,5,1.71594
0,0,1,0.745933,2,0.861328,3,1.31475,5,3.52404
2,0,5,0.744109
2,0,5,1.4636
1,0,3,0.0214098,2,0.841487,5,0.850606
4,0,5,0.400758
0,0,2,1.1926,5,1.43813,1,1.62476,3,3.26083
1,0,3,1.19673,2,1.92763,5,2.2411
1,0,3,0.0119251,2,0.717663,5,0.985846
4,0,5,3.57118
2,0,5,1.78822
4,0,5,0.639522
1,0,2,0.638991,5,1.06703,3,1.86989
4,0,5,1.94224
2,0,5,0.091488
4,0,5,1.61162
1,0,2,0.717737,3,0.967734,5,1.07416
2,0,5,0.893867
1,0,2,0.104704,3,1.44374,5,1.84851
0,0,1,0.581772,2,0.599934,5,1.22999,3,3.77097
4,0,5,0.521722
4,0,5,1.84346
2,0,5,0.671965
1,0,2,2.83791,3,4.50882,5,5.51903
1,0,2,0.0231502,3,0.957988,5,1.44697
0,0,2,0.870639,1,1.01722,5,1.06821,3,2.17366
4,0,5,1.09726
2,0,5,0.437489
4,0,5,1.48781
4,0,5,0.0904815
2,0,5,0.497818
0,0,1,0.566073,2,1.44136,5,1.89827,3,2.26111
0,0,2,1.40363,5,2.02102,1,3.2522,3,4.02261
2,0,5,0.0358754
0,0,1,0.0959489,3,0.131502,2,0.657236,5,0.694169
2,0,5,0.445121
2,0,5,0.699468
4,0,5,0.288949
2,0,5,0.948687
2,0,5,1.1967
2,0,5,4.91478
4,0,5,0.28327
2,0,5,0.847146
1,0,3,0.141428,2,5.17706,5,5.96946
1,0,2,0.822975,3,1.06417,5,1.21899
2,0,5,0.594223
4,0,5,0.701867
2,0,5,0.146725
0,0,1,1.09668,3,1.10877,2,1.2402,5,3.44612
1,0,3,0.544747,2,4.23411,5,4.37292
2,0,5,0.21815
0,0,1,0.277268,2,0.440542,5,0.445094,3,2.03643
1,0,3,0.258137,2,1.05985,5,2.52489
2,0,5,0.598977
0,0,2,0.587468,5,2.20317,1,2.41529,3,2.48814
1,0,2,0.703722,5,1.71795,3,2.30756
0,0,1,0.280479,2,0.665324,5,1.47932,3,2.48847
2,0,5,0.592757
2,0,5,0.327214
4,0,5,0.357259
1,0,2,0.242469,5,0.394945,3,1.35188
0,0,2,0.773361,5,1.06055,1,2.11847,3,7.02362
2,0,5,0.497056
0,0,2,0.834855,1,1.27117,3,1.34615,5,2.51277
4,0,5,0.704568
1,0,3,0.468427,2,2.52123,5,2.57777
1,0,2,0.345557,3,0.842657,5,1.02067
0,0,2,1.31564,5,2.31753,1,2.53792,3,3.52635
1,0,2,0.729179,3,2.34365,5,3.33027
2,0,5,1.34534
4,0,5,1.63774
2,0,5,0.01214
4,0,5,0.553548
4,0,5,0.271386
4,0,5,2.32743
2,0,5,0.368125
1,0,3,0.435957,2,1.51221,5,3.24446
0,0,1,0.16446,3,0.7304,2,1.40182,5,2.18249
4,0,5,0.668355
0,0,2,0.990348,5,1.08054,1,2.93904,3,3.39997
1,0,3,0.613318,2,1.04,5,1.205
1,0,3,0.152831,2,0.784889,5,4.77186
2,0,5,0.165951
2,0,5,1.04008
1,0,3,0.419388,2,0.46703,5,0.762646
0,0,2,0.513081,5,1.23612,1,1.35863,3,3.30423
0,0,1,0.101995,3,0.134522,2,0.238056,5,2.43628
0,0,1,0.330041,3,0.466392,2,0.584746,5,0.897291
4,0,5,0.889575
4,0,5,0.206676
0,0,1,0.645522,2,0.913055,5,1.21919,3,1.46264
2,0,5,1.30404
4,0,5,0.299297
4,0,5,0.168974
0,0,1,0.116303,2,0.378978,5,0.522616,3,1.36224
1,0,2,0.353725,3,0.413102,5,1.21782
1,0,2,0.489119,3,0.729398,5,1.61326
4,0,5,0.662688
4,0,5,0.854756
2,0,5,0.234834
0,0,1,2.99377,3,3.57905,2,3.90935,5,4.40477
2,0,5,0.847664
2,0,5,0.22616
4,0,5,0.72507
0,0,2,0.563893,1,0.745663,3,1.86319,5,4.8904
1,0,3,0.0582983,2,0.452399,5,2.09356
2,0,5,2.81919
4,0,5,0.524337
0,0,1,0.121388,2,0.22484,5,0.45369,3,3.07239
4,0,5,1.94532
2,0,5,1.53447
4,0,5,1.16915
4,0,5,0.49635
1,0,2,0.0299217,5,0.15099,3,0.589752
4,0,5,0.273473
4,0,5,1.50936
1,0,3,0.694266,2,0.875243,5,3.141
0,0,2,0.0767847,5,0.323215,1,0.821813,3,1.07698
1,0,3,0.577038,2,1.7317,5,3.83806
4,0,5,1.31791
2,0,5,0.0879382
4,0,5,0.27158
2,0,5,0.67383
1,0,3,0.24897,2,1.99509,5,2.21969
0,0,2,0.787688,5,1.64171,1,2.3717,3,2.8054
2,0,5,1.21887
2,0,5,0.0150056
2,0,5,1.44033
0,0,2,0.515181,5,1.5094,1,4.71494,3,6.40012
2,0,5,0.408215
4,0,5,0.48681
2,0,5,1.11873
2,0,5,0.765094
4,0,5,1.28368
4,0,5,0.137855
0,0,1,0.237364,2,0.29421,3,0.487726,5,0.857709
4,0,5,0.0830232
1,0,2,0.0217793,3,0.0918654,5,0.226712
0,0,1,0.145895,2,0.239444,5,0.70166,3,3.57902
2,0,5,0.18558
1,0,2,0.569504,3,0.685881,5,0.817848
4,0,5,0.642589
1,0,3,0.211427,2,0.46247,5,3.22241
0,0,2,0.611362,1,0.887157,5,1.01649,3,1.91371
4,0,5,0.674307
1,0,3,0.078317,2,0.467479,5,0.519034
1,0,3,0.636188,2,0.83948,5,3.87184
0,0,1,0.33745,3,0.612241,2,1.30029,5,1.53832
0,0,2,0.379604,1,0.793689,3,1.57822,5,1.93351
0,0,2,0.557121,5,0.564281,1,1.81144,3,2.75551
4,0,5,0.825028
1,0,3,0.206618,2,0.895387,5,1.34121
4,0,5,2.99581
0,0,2,1.01166,1,1.4846,5,2.20352,3,3.1592
2,0,5,1.39704
2,0,5,0.227546
0,0,1,0.78482,2,0.799379,5,2.59294,3,3.26717
2,0,5,1.70329
1,0,3,0.286917,2,0.583776,5,0.689269
1,0,2,0.104312,5,1.53365,3,1.81156
4,0,5,2.13495
4,0,5,0.073388
4,0,5,1.51961
0,0,1,0.530718,2,0.543209,5,0.925655,3,2.1666
4,0,5,0.00637598
0,0,1,0.366269,2,0.563079,3,1.18952,5,1.86176
0,0,2,0.231078,1,0.853873,3,0.942167,5,1.32367
4,0,5,0.250623
0,0,2,0.0482982,5,0.659363,1,1.1176,3,3.12186
1,0,2,0.314707,5,0.906167,3,1.84251
2,0,5,0.143657
4,0,5,1.6471
0,0,1,0.144384,3,0.356999,2,0.95119,5,1.03667
2,0,5,0.603434
2,0,5,1.2698
0,0,2,1.23031,1,1.29546,3,2.24762,5,4.30285
4,0,5,1.47723
2,0,5,1.08158
1,0,2,0.381584,3,0.77005,5,1.12537
1,0,3,0.256953,2,1.55858,5,2.05501
2,0,5,0.567218
1,0,2,0.266736,5,0.4981,3,2.83004
4,0,5,1.78264
0,0,1,0.233163,2,0.46185,5,0.593428,3,1.54869
1,0,3,0.188221,2,1.20046,5,1.99403
2,0,5,0.118029
2,0,5,0.141287
1,0,2,0.249888,3,0.260563,5,0.51965
1,0,2,1.04223,3,1.3487,5,1.40122
0,0,1,0.00478128,2,0.182838,3,0.618617,5,2.19215
0,0,2,0.91876,1,0.949932,3,0.96046,5,2.44793
1,0,3,0.814546,2,1.96634,5,2.16582
2,0,5,0.0571817
1,0,3,1.74036,2,2.34359,5,2.42429
1,0,2,0.147187,3,0.400919,5,0.47028
4,0,5,0.00893817
4,0,5,1.19293
1,0,2,0.148538,3,2.39844,5,2.61764
2,0,5,0.0221941
4,0,5,0.697819
4,0,5,0.395955
0,0,1,0.91193,2,0.969571,3,1.38149,5,3.57628
1,0,3,0.640725,2,1.87225,5,2.12241
1,0,2,0.0657022,5,0.2569,3,1.43629
1,0,3,0.691236,2,2.37679,5,2.93609
4,0,5,0.655781
2,0,5,0.812484
1,0,2,0.519258,3,0.648138,5,1.49234
4,0,5,0.986093
2,0,5,0.348327
2,0,5,0.124207
4,0,5,2.20611
4,0,5,2.88097
1,0,3,0.0055962,2,1.24323,5,2.81691
4,0,5,0.0130979
0,0,2,0.160261,1,0.50621,3,0.769853,5,1.58873
0,0,2,0.0515272,5,0.1394,1,2.43657,3,3.24058
1,0,3,0.171818,2,0.796963,5,1.11851
4,0,5,1.317
1,0,3,0.394621,2,0.74879,5,0.932529
1,0,2,0.0518716,5,0.58564,3,0.868401
0,0,2,0.39973,1,0.530709,3,0.909262,5,2.63394
0,0,1,0.288837,2,0.354471,5,0.658547,3,1.4394
0,0,1,0.419967,2,0.87761,5,2.95486,3,4.20639
4,0,5,0.433186
1,0,2,0.205449,3,0.457701,5,1.09765
0,0,2,0.769255,5,1.18514,1,1.36075,3,4.02481
4,0,5,0.163598
1,0,2,1.02534,3,1.47596,5,1.92056
1,0,3,0.135847,2,0.47129,5,2.68111
2,0,5,1.94283
1,0,3,0.221466,2,0.224841,5,1.95025
0,0,2,0.124665,1,0.500695,5,2.4563,3,3.38275
2,0,5,0.115965
0,0,1,0.343619,3,0.528519,2,0.665267,5,0.945267
0,0,1,0.0535595,2,0.677224,5,1.55056,3,2.11951
1,0,3,0.046146,2,0.848276,5,3.9118
1,0,2,0.796265,3,2.05628,5,2.99453
0,0,1,0.261381,3,0.474614,2,0.503353,5,1.15493
0,0,1,0.443806,2,0.998919,3,1.51137,5,6.54261
2,0,5,0.489796
2,0,5,0.0954657
4,0,5,0.150781
1,0,2,0.745593,5,1.06178,3,2.05228
0,0,2,1.7099,5,4.00371,1,4.23575,3,5.70575
1,0,3,0.0633024,2,2.45442,5,5.41837
0,0,2,0.726191,1,1.6867,5,1.75463,3,2.76042
1,0,3,1.22808,2,1.77367,5,1.7935
0,0,2,0.152609,1,0.756217,5,1.64745,3,1.89349
2,0,5,0.272167
4,0,5,0.26762
2,0,5,0.614229
1,0,3,0.00984006,2,1.14097,5,1.98685
0,0,2,0.335452,1,0.565284,3,1.02282,5,1.70557
0,0,2,0.0591199,1,0.738618,3,0.935317,5,1.81073
1,0,3,0.574681,2,1.94734,5,2.8655
2,0,5,0.0465315
4,0,5,1.2005
1,0,3,0.00448368,2,0.269231,5,0.478122
1,0,3,0.169981,2,0.393032,5,0.680458
4,0,5,0.249874
0,0,1,0.515005,3,1.17837,2,1.95719,5,2.59025
1,0,3,0.492672,2,2.44157,5,2.51206
0,0,2,0.207747,1,1.51948,5,1.72021,3,2.44298
2,0,5,0.994587
4,0,5,1.31718
0,0,1,0.15435,3,0.340184,2,1.9146,5,2.22838
0,0,1,0.0101124,2,0.107451,5,0.115865,3,1.11811
