0,0
1,1
2,2
3,3
4,4
5,5

0,0,1,10.7817,2,20.5511,3,21.0111,5,30.9499
0,0,2,10.7295,1,21.3038,5,21.8505,3,32.0064
0,0,1,20.2278,2,20.6186,3,40.8462,5,41.0327
0,0,1,10.5183,2,10.8062,3,21.2575,5,31.6806
0,0,1,10.9325,2,21.2893,3,22.1098,5,42.4436
0,0,2,10.1543,1,10.8169,5,31.2102,3,31.8079
0,0,2,11.2427,1,11.6703,5,22.4788,3,23.1765
0,0,1,10.9884,2,21.5847,3,21.9011,5,41.7643
0,0,1,10.92,2,21.5478,3,31.4083,5,32.0855
0,0,1,10.8626,2,10.9333,5,21.7953,3,32.1419
0,0,2,11.192,1,20.8057,5,21.3538,3,31.1861
0,0,1,11.558,2,20.1281,5,31.1979,3,32.2781
0,0,2,11.1052,1,20.6429,5,31.7424,3,41.1433
0,0,2,10.7624,1,20.7577,5,31.026,3,41.4453
0,0,1,10.7571,2,20.5486,3,32.796,5,42.0539
0,0,2,10.8847,1,20.5133,5,22.0259,3,42.0936
1,0,2,10.2618,3,10.6681,5,31.0402
1,0,2,20.4154,3,20.6825,5,31.4505
1,0,3,10.5361,2,10.6109,5,21.8979
1,0,3,11.1437,2,20.6948,5,31.0109
1,0,2,20.6594,3,21.0565,5,31.4457
1,0,3,10.7052,2,10.8827,5,21.3439
1,0,3,11.1566,2,20.6363,5,41.7751
1,0,3,10.5282,2,11.321,5,32.552
1,0,3,10.5428,2,11.2087,5,22.7999
1,0,3,10.6582,2,20.0605,5,31.1588
1,0,3,11.3102,2,20.3797,5,31.0123
1,0,3,11.6596,2,21.2437,5,41.9554
1,0,3,10.7575,2,11.1801,5,22.7647
1,0,3,10.4297,2,21.2706,5,41.8563
1,0,2,20.1495,3,20.5257,5,30.8096
1,0,3,20.6068,2,22.2367,5,43.5193
2,0,5,20.6683
2,0,5,21.99
2,0,5,20.1689
2,0,5,10.6584
2,0,5,10.6039
2,0,5,21.8904
2,0,5,20.8116
2,0,5,21.2412
2,0,5,20.8972
2,0,5,11.0438
2,0,5,10.9055
2,0,5,20.9539
2,0,5,11.0291
2,0,5,10.7018
2,0,5,20.7778
2,0,5,21.6729
4,0,5,20.8471
4,0,5,10.3195
4,0,5,20.4806
4,0,5,20.9964
4,0,5,10.5398
4,0,5,20.1461
4,0,5,20.548
4,0,5,10.5875
4,0,5,11.62
4,0,5,20.8681
4,0,5,20.711
4,0,5,11.0909
4,0,5,20.173
4,0,5,20.7694
4,0,5,11.9797
4,0,5,11.389
