0,0
1,1
2,2
3,3
4,4
5,5
6,6
7,7
8,8
9,9
10,10
11,11
12,12
13,13
14,14
15,15
16,16
17,17
18,18
19,19
20,20
21,21
22,22
23,23
24,24
25,25
26,26
27,27
28,28
29,29
30,30
31,31
32,32
33,33
34,34
35,35
36,36
37,37
38,38
39,39
40,40
41,41
42,42
43,43
44,44
45,45
46,46
47,47
48,48
49,49
50,50
51,51
52,52
53,53
54,54
55,55
56,56
57,57
58,58
59,59
60,60
61,61
62,62
63,63
64,64
65,65
66,66
67,67
68,68
69,69
70,70
71,71
72,72
73,73
74,74
75,75
76,76
77,77
78,78
79,79
80,80
81,81
82,82
83,83
84,84
85,85
86,86
87,87
88,88
89,89
90,90
91,91
92,92
93,93
94,94
95,95
96,96
97,97
98,98
99,99
100,100
101,101
102,102
103,103
104,104
105,105
106,106
107,107
108,108
109,109
110,110
111,111
112,112
113,113
114,114
115,115
116,116
117,117
118,118
119,119
120,120
121,121
122,122
123,123
124,124
125,125
126,126
127,127
128,128
129,129
130,130
131,131
132,132
133,133
134,134
135,135
136,136
137,137
138,138
139,139
140,140
141,141
142,142
143,143
144,144
145,145
146,146
147,147
148,148
149,149
150,150
151,151
152,152
153,153
154,154
155,155
156,156
157,157
158,158
159,159
160,160
161,161
162,162
163,163
164,164
165,165
166,166
167,167
168,168
169,169
170,170
171,171
172,172
173,173
174,174
175,175
176,176
177,177
178,178
179,179
180,180
181,181
182,182
183,183
184,184
185,185
186,186
187,187
188,188
189,189
190,190
191,191
192,192
193,193
194,194
195,195
196,196
197,197
198,198
199,199
200,200
201,201
202,202
203,203
204,204
205,205
206,206
207,207
208,208
209,209
210,210
211,211
212,212
213,213
214,214
215,215
216,216
217,217
218,218
219,219
220,220
221,221
222,222
223,223
224,224
225,225
226,226
227,227
228,228
229,229
230,230
231,231
232,232
233,233
234,234
235,235
236,236
237,237
238,238
239,239
240,240
241,241
242,242
243,243
244,244
245,245
246,246
247,247
248,248
249,249
250,250
251,251
252,252
253,253
254,254
255,255
256,256
257,257
258,258
259,259
260,260
261,261
262,262
263,263
264,264
265,265
266,266
267,267
268,268
269,269
270,270
271,271
272,272
273,273
274,274
275,275
276,276
277,277
278,278
279,279
280,280
281,281
282,282
283,283
284,284
285,285
286,286
287,287
288,288
289,289
290,290
291,291
292,292
293,293
294,294
295,295
296,296
297,297
298,298
299,299
300,300
301,301
302,302
303,303
304,304
305,305
306,306
307,307
308,308
309,309
310,310
311,311
312,312
313,313
314,314
315,315
316,316
317,317
318,318
319,319
320,320
321,321
322,322
323,323
324,324
325,325
326,326
327,327
328,328
329,329
330,330
331,331
332,332
333,333
334,334
335,335
336,336
337,337
338,338
339,339
340,340
341,341
342,342
343,343
344,344
345,345
346,346
347,347
348,348
349,349
350,350
351,351
352,352
353,353
354,354
355,355
356,356
357,357
358,358
359,359
360,360
361,361
362,362
363,363
364,364
365,365
366,366
367,367
368,368
369,369
370,370
371,371
372,372
373,373
374,374
375,375
376,376
377,377
378,378
379,379
380,380
381,381
382,382
383,383
384,384
385,385
386,386
387,387
388,388
389,389
390,390
391,391
392,392
393,393
394,394
395,395
396,396
397,397
398,398
399,399
400,400
401,401
402,402
403,403
404,404
405,405
406,406
407,407
408,408
409,409
410,410
411,411
412,412
413,413
414,414
415,415
416,416
417,417
418,418
419,419
420,420
421,421
422,422
423,423
424,424
425,425
426,426
427,427
428,428
429,429
430,430
431,431
432,432
433,433
434,434
435,435
436,436
437,437
438,438
439,439
440,440
441,441
442,442
443,443
444,444
445,445
446,446
447,447
448,448
449,449
450,450
451,451
452,452
453,453
454,454
455,455
456,456
457,457
458,458
459,459
460,460
461,461
462,462
463,463
464,464
465,465
466,466
467,467
468,468
469,469
470,470
471,471
472,472
473,473
474,474
475,475
476,476
477,477
478,478
479,479
480,480
481,481
482,482
483,483
484,484
485,485
486,486
487,487
488,488
489,489
490,490
491,491
492,492
493,493
494,494
495,495
496,496
497,497
498,498
499,499
500,500
501,501
502,502
503,503
504,504
505,505
506,506
507,507
508,508
509,509
510,510
511,511
512,512
513,513
514,514
515,515
516,516
517,517
518,518
519,519
520,520
521,521
522,522
523,523
524,524
525,525
526,526
527,527
528,528
529,529
530,530
531,531
532,532
533,533
534,534
535,535
536,536
537,537
538,538
539,539
540,540
541,541
542,542
543,543
544,544
545,545
546,546
547,547
548,548
549,549
550,550
551,551
552,552
553,553
554,554
555,555
556,556
557,557
558,558
559,559
560,560
561,561
562,562
563,563
564,564
565,565
566,566
567,567
568,568
569,569
570,570
571,571
572,572
573,573
574,574
575,575
576,576
577,577
578,578
579,579
580,580
581,581
582,582
583,583
584,584
585,585
586,586
587,587
588,588
589,589
590,590
591,591
592,592
593,593
594,594
595,595
596,596
597,597
598,598
599,599
600,600
601,601
602,602
603,603
604,604
605,605
606,606
607,607
608,608
609,609
610,610
611,611
612,612
613,613
614,614
615,615
616,616
617,617
618,618
619,619
620,620
621,621
622,622
623,623
624,624
625,625
626,626
627,627
628,628
629,629
630,630
631,631
632,632
633,633
634,634
635,635
636,636
637,637
638,638
639,639
640,640
641,641
642,642
643,643
644,644
645,645
646,646
647,647
648,648
649,649
650,650
651,651
652,652
653,653
654,654
655,655
656,656
657,657
658,658
659,659
660,660
661,661
662,662
663,663
664,664
665,665
666,666
667,667
668,668
669,669
670,670
671,671
672,672
673,673
674,674
675,675
676,676
677,677
678,678
679,679
680,680
681,681
682,682
683,683
684,684
685,685
686,686
687,687
688,688
689,689
690,690
691,691
692,692
693,693
694,694
695,695
696,696
697,697
698,698
699,699
700,700
701,701
702,702
703,703
704,704
705,705
706,706
707,707
708,708
709,709
710,710
711,711
712,712
713,713
714,714
715,715
716,716
717,717
718,718
719,719
720,720
721,721
722,722
723,723
724,724
725,725
726,726
727,727
728,728
729,729
730,730
731,731
732,732
733,733
734,734
735,735
736,736
737,737
738,738
739,739
740,740
741,741
742,742
743,743
744,744
745,745
746,746
747,747
748,748
749,749
750,750
751,751
752,752
753,753
754,754
755,755
756,756
757,757
758,758
759,759
760,760
761,761
762,762
763,763
764,764
765,765
766,766
767,767
768,768
769,769
770,770
771,771
772,772
773,773
774,774
775,775
776,776
777,777
778,778
779,779
780,780
781,781
782,782
783,783
784,784
785,785
786,786
787,787
788,788
789,789
790,790
791,791
792,792
793,793
794,794
795,795
796,796
797,797
798,798
799,799
800,800
801,801
802,802
803,803
804,804
805,805
806,806
807,807
808,808
809,809
810,810
811,811
812,812
813,813
814,814
815,815
816,816
817,817
818,818
819,819
820,820
821,821
822,822
823,823
824,824
825,825
826,826
827,827
828,828
829,829
830,830
831,831
832,832
833,833
834,834
835,835
836,836
837,837
838,838
839,839
840,840
841,841
842,842
843,843
844,844
845,845
846,846
847,847
848,848
849,849
850,850
851,851
852,852
853,853
854,854
855,855
856,856
857,857
858,858
859,859
860,860
861,861
862,862
863,863
864,864
865,865
866,866
867,867
868,868
869,869
870,870
871,871
872,872
873,873
874,874
875,875
876,876
877,877
878,878
879,879
880,880
881,881
882,882
883,883
884,884
885,885
886,886
887,887
888,888
889,889
890,890
891,891
892,892
893,893
894,894
895,895
896,896
897,897
898,898
899,899
900,900
901,901
902,902
903,903
904,904
905,905
906,906
907,907
908,908
909,909
910,910
911,911
912,912
913,913
914,914
915,915
916,916
917,917
918,918
919,919
920,920
921,921
922,922
923,923
924,924
925,925
926,926
927,927
928,928
929,929
930,930
931,931
932,932
933,933
934,934
935,935
936,936
937,937
938,938
939,939
940,940
941,941
942,942
943,943
944,944
945,945
946,946
947,947
948,948
949,949
950,950
951,951
952,952
953,953
954,954
955,955
956,956
957,957
958,958
959,959
960,960
961,961
962,962
963,963
964,964
965,965
966,966
967,967
968,968
969,969
970,970
971,971
972,972
973,973
974,974
975,975
976,976
977,977
978,978
979,979
980,980
981,981
982,982
983,983
984,984
985,985
986,986
987,987
988,988
989,989
990,990
991,991
992,992
993,993
994,994
995,995
996,996
997,997
998,998
999,999
1000,1000
1001,1001
1002,1002
1003,1003
1004,1004
1005,1005
1006,1006
1007,1007
1008,1008
1009,1009
1010,1010
1011,1011
1012,1012
1013,1013
1014,1014
1015,1015
1016,1016
1017,1017
1018,1018
1019,1019
1020,1020
1021,1021
1022,1022
1023,1023

0,17,9.46131,7.25193
0,23,9.89928,3.63568
0,43,0.512869,2.00345
0,56,5.61532,8.42023
0,65,9.53283,0.0191533
0,104,0.0282879,5.23242
0,128,7.43577,4.58598
0,132,5.75436,3.16686
0,152,1.60555,5.6843
0,197,4.52101,7.17717
0,256,8.1436,2.68649
0,260,8.88051,5.95239
0,265,8.65111,8.90047
0,273,5.43829,7.35464
0,312,0.659681,8.80405
0,328,4.94879,6.20611
0,348,4.85474,8.79267
0,471,2.4605,0.15519
0,513,9.57482,8.03955
0,640,8.18866,6.35515
0,652,4.20468,7.86826
0,771,8.70332,7.18627
0,834,2.77322,1.71669
0,842,1.73611,4.39922
1,20,2.46532,7.55793
1,32,6.89424,2.31263
1,97,4.0736,5.72142
1,139,3.98595,1.42926
1,214,7.57806,5.83971
1,293,6.77287,3.97742
1,512,1.81791,1.72599
1,564,0.166057,5.88594
1,593,6.91796,1.76555
1,658,5.41453,4.25336
1,674,6.93693,8.9484
2,8,3.07064,2.97574
2,13,1.45929,2.87739
2,34,9.35876,6.21017
2,48,8.68595,1.92956
2,149,1.7719,9.96862
2,157,1.75475,9.57667
2,176,9.74551,7.1165
2,359,5.39299,7.58995
2,576,3.78294,5.4181
2,577,0.217202,5.90435
2,599,5.32774,5.42691
2,648,3.13278,5.00827
2,657,4.98151,4.72923
3,74,6.8041,3.87172
3,252,6.59234,0.855538
3,516,6.77419,7.68121
3,914,2.11062,8.39601
4,12,6.92235,4.94736
4,49,1.70567,6.96434
4,105,5.94641,1.18579
4,136,9.76426,1.97963
4,200,3.34375,0.95275
4,257,3.7671,2.17842
4,258,6.48023,4.60997
4,264,7.80662,7.53907
4,372,6.37312,2.68623
4,410,8.82479,9.96521
4,460,2.14918,1.75783
4,495,1.83812,0.219562
4,592,8.97167,4.18408
4,614,9.87551,8.39948
4,616,4.81891,5.99828
4,864,3.02218,3.03375
4,913,9.55651,8.33645
4,936,9.14138,9.68168
5,72,5.48615,5.32304
5,96,6.71672,1.65326
5,145,8.25609,5.3947
5,216,3.69347,0.390811
5,220,9.69132,7.78287
5,253,7.08789,0.677022
6,11,3.68726,9.94743
6,37,6.03791,7.45946
6,97,6.1819,5.44248
6,354,7.04375,5.79127
6,531,9.75902,2.25915
7,578,4.34522,4.94328
7,581,6.93216,1.22966
8,26,2.57572,0.81303
8,36,7.15588,7.78735
8,40,4.34531,5.63552
8,142,5.42907,1.59793
8,199,6.74604,8.34022
8,318,7.13567,7.8344
8,592,2.87038,8.52668
8,646,1.63049,1.14503
8,656,7.82496,1.88006
8,676,1.8273,1.95812
9,266,7.80692,8.29628
9,371,3.95886,5.93147
9,552,4.81744,8.96013
9,621,6.08005,3.8467
10,77,4.26886,1.08418
10,113,0.687862,2.99698
10,150,6.00379,0.533472
10,196,8.98718,1.95364
10,256,9.91216,7.01866
10,548,4.77166,4.86373
10,641,2.49964,2.81472
10,896,7.72659,5.41825
11,261,2.26369,5.57759
11,345,8.66959,1.33302
11,528,2.93146,9.53903
11,584,8.76843,6.29776
11,592,5.14513,7.62964
11,790,2.77941,0.871802
12,42,1.02169,2.10832
12,66,7.68403,4.33241
12,167,6.76765,3.56016
12,595,1.83415,8.39983
12,597,6.07776,9.32022
12,636,9.14551,4.63305
13,368,5.90109,8.45799
13,584,2.86159,6.27835
14,66,0.377123,1.88869
14,227,5.18575,0.993239
14,285,0.428013,5.90511
14,320,3.97555,7.22698
14,789,6.22636,2.5434
15,32,8.00301,7.218
16,25,7.18043,2.21286
16,27,4.86362,5.93843
16,108,6.8038,8.37492
16,214,5.94942,5.26645
16,226,1.8893,6.92611
16,324,3.28782,4.75605
16,535,9.71886,3.35968
16,640,6.24027,1.90055
16,656,7.52404,2.47826
16,804,2.08632,4.63092
16,901,9.45079,3.25185
17,64,1.8707,0.385244
17,76,3.61108,9.56503
17,170,5.00268,2.16845
17,202,2.92127,4.6323
17,267,4.99856,0.660171
17,657,6.39387,0.922201
17,728,2.30202,3.78197
17,772,6.50993,4.32252
17,938,0.0415604,4.82275
18,73,9.07261,6.37738
18,97,2.77191,4.69996
18,201,4.15809,0.273479
18,450,2.89565,9.52389
18,691,7.49135,6.72523
18,724,0.935761,1.91103
18,824,9.24119,9.02561
18,857,5.47555,6.60127
19,468,3.87546,4.77801
19,553,1.12076,6.80971
19,977,4.08677,1.21859
20,21,9.29141,8.02025
20,29,2.80956,8.68154
20,128,1.06523,7.39347
20,139,3.13208,1.76559
20,161,3.10615,6.32733
20,193,4.28285,4.43344
20,307,3.44694,2.87058
20,564,1.63613,3.01267
20,608,8.61562,9.36859
20,660,0.801771,7.5776
21,369,9.11252,0.956867
21,385,7.34056,2.26484
21,454,4.23494,3.15112
21,517,4.98851,7.28908
21,642,1.34049,3.63117
22,77,7.09558,0.608741
22,192,6.53683,7.6198
22,584,6.4149,1.40914
22,741,9.29257,7.96724
23,334,0.433583,1.21594
23,490,1.92363,7.66037
24,227,9.20441,2.32477
24,233,8.53234,0.613999
25,40,1.71176,5.64466
25,99,6.22171,6.24696
25,538,8.72421,3.48625
25,573,6.18813,5.44248
26,132,8.79415,6.21143
26,138,0.448058,2.46845
26,409,7.2733,2.8713
26,552,1.56185,0.788462
28,258,6.87296,7.28204
28,802,3.69112,3.38939
29,216,4.91897,5.632
29,407,8.10939,6.93786
29,768,7.17997,6.5508
30,257,5.2604,8.26941
30,297,3.60714,6.12153
32,65,9.265,9.17383
32,128,5.78709,2.74512
32,192,2.38403,6.95066
32,262,9.57037,9.96197
32,420,5.6392,7.88804
32,596,0.0102182,7.74128
32,664,9.27419,0.0941912
32,930,1.3069,4.34675
33,145,0.648248,8.94396
33,230,8.46908,3.11943
33,548,1.67595,8.46701
34,134,5.8093,2.33551
34,561,8.94625,7.5509
34,706,3.91525,9.09268
34,770,9.58881,2.21578
34,786,7.875,9.25181
34,897,0.176429,7.22058
35,51,3.38635,6.06616
35,66,9.60126,7.19725
35,606,8.34112,8.71853
36,75,7.89795,7.69904
36,216,5.34997,3.84038
36,336,5.9515,1.1311
36,512,0.562441,6.94047
36,545,4.97175,4.94019
36,738,8.38905,3.64879
37,41,6.64904,9.83533
37,387,7.07926,1.92645
37,832,4.70035,3.19092
38,85,1.49223,1.68706
38,161,1.45522,6.673
38,273,5.42847,2.18516
39,140,4.62259,6.76924
39,304,1.64876,8.7343
40,68,7.32113,6.35107
40,152,8.92714,3.88208
40,268,1.78924,4.8681
40,706,1.10352,3.09372
40,774,7.20119,2.21973
40,1000,6.83575,3.13668
41,139,6.46282,7.01995
41,384,5.36032,2.90914
41,525,4.59925,5.29911
42,130,3.18712,4.98689
42,162,8.90626,1.85936
42,280,1.66363,7.8562
42,285,6.12605,5.83825
42,316,5.74313,8.77652
42,646,9.273,2.21313
42,676,8.12539,9.91578
43,70,6.84346,4.39121
43,276,0.763736,6.92281
43,289,3.77163,0.810417
43,324,3.61802,1.90673
44,66,9.56206,8.77411
44,1010,2.66123,1.48325
45,78,9.29286,9.51486
45,357,2.21882,8.20662
45,864,5.85318,2.77609
47,225,9.70325,8.34854
48,65,7.64259,7.28808
48,151,0.315839,0.115462
48,178,0.91378,5.30486
48,262,5.38934,6.16772
48,472,1.38027,9.4071
49,554,1.39352,2.29133
49,658,2.4789,4.59282
49,896,5.01415,7.71409
49,915,4.0679,1.69029
50,139,4.8251,5.1853
50,310,8.31077,3.96372
50,331,3.27529,9.42168
50,604,0.258175,6.7446
50,832,6.15962,3.37685
50,840,9.21764,3.18593
52,89,1.75356,7.70429
52,220,3.43692,3.92981
52,483,9.01061,1.96146
52,512,8.31569,9.8669
52,816,2.28542,1.82242
53,97,6.61845,6.11748
53,210,0.937223,0.575635
53,213,1.49068,6.21585
53,322,2.00414,3.31997
54,76,8.60579,3.56638
55,418,2.81989,2.5284
55,677,0.311553,1.90422
56,224,3.80207,6.11437
56,260,0.67018,5.01588
56,281,0.549566,1.92923
57,150,9.32924,5.20918
58,259,7.82963,8.44642
60,457,7.16186,3.7806
60,530,1.98077,5.3938
62,479,8.52118,7.00433
63,74,2.3313,6.14748
64,96,1.13801,7.64397
64,97,0.642675,7.11257
64,144,4.5519,6.15923
64,256,5.27379,9.30148
64,266,9.1474,9.40753
64,640,2.14349,5.5616
64,828,4.62749,0.0545757
65,108,4.18984,9.21173
65,130,2.91187,0.709362
65,256,2.6904,5.19591
65,311,6.21571,4.33771
65,568,0.532616,2.54398
66,288,1.3513,3.70929
66,331,2.08996,5.83878
66,521,1.63624,3.50741
66,522,1.09228,7.47968
66,544,0.728016,7.39856
66,554,5.829,8.5863
66,720,0.522076,7.54046
66,984,1.81153,2.8188
67,292,9.18783,2.49975
67,408,8.54534,8.21419
68,160,2.66605,1.13801
68,214,4.53742,0.513915
68,340,7.48231,9.16651
68,709,3.9871,5.87619
68,770,2.24268,6.41048
68,818,6.44081,5.53578
68,1016,3.81582,1.43826
69,357,8.11598,2.30698
69,423,8.86379,7.63289
69,560,1.17462,2.57308
69,640,3.38883,2.75313
69,660,3.13091,6.09203
70,97,7.88612,8.3485
70,393,3.26707,0.399621
70,546,3.50159,0.764594
70,578,6.71747,8.59785
71,110,4.50827,8.29888
71,521,1.65044,4.90912
71,581,9.28174,4.33613
71,832,5.45518,9.31965
72,276,2.7612,1.26638
72,479,5.78158,3.11034
72,664,2.45476,5.38473
72,682,8.75144,9.60433
73,74,4.17753,3.99997
73,134,8.23596,9.04544
73,201,1.07254,2.58219
73,347,5.02612,6.05084
73,432,0.346955,6.37998
73,552,7.0633,8.75645
73,913,2.6391,2.31403
74,128,2.99741,0.994964
74,219,9.83522,1.76809
74,301,5.81988,5.33239
74,368,2.45815,9.7403
74,738,5.22497,9.56736
76,400,9.45662,3.61494
76,520,8.61264,2.54394
77,198,7.91086,0.231492
78,92,2.96148,0.0564766
78,512,7.36875,0.318873
79,328,9.51009,5.57902
80,98,5.8818,9.01783
80,260,4.03018,8.37166
81,204,8.4019,8.03047
81,239,5.85001,6.06845
81,352,5.02676,1.88261
81,756,6.50544,7.59651
82,105,5.23559,5.09194
82,544,0.530974,3.77808
82,578,5.79392,0.578602
82,625,5.54418,5.72357
84,94,7.47387,3.98581
85,274,7.73514,8.65948
85,302,1.85177,8.49997
85,356,5.56072,6.93074
85,545,7.25057,5.6281
86,96,2.83107,1.54087
86,518,9.9236,1.27658
87,292,4.77749,0.294581
87,938,2.17199,6.27299
88,92,5.82642,5.37814
88,216,4.30592,4.26732
90,195,8.85195,2.77471
90,264,4.48249,4.44943
90,596,7.27268,2.99409
91,80,3.80259,6.87959
92,137,0.348573,5.82161
92,397,6.26817,7.39107
92,536,5.82655,3.12361
92,772,8.28704,8.83509
93,355,1.24368,1.54101
94,578,0.930956,0.346103
95,704,8.74216,9.56312
96,198,5.56466,6.25504
96,369,1.56216,8.59551
96,483,6.24223,6.20804
96,520,6.57339,7.01273
96,522,0.464812,2.16579
96,594,6.6031,9.47343
96,784,7.72055,5.12484
96,962,0.0608557,1.3829
97,145,1.28679,1.74897
97,216,5.61732,1.6476
97,513,5.91332,9.28899
97,650,3.66006,8.71069
97,850,1.46985,8.37685
98,270,0.860344,5.04587
98,282,3.04541,5.16511
98,931,9.10606,1.70851
99,348,9.3546,2.5124
100,273,1.50008,6.23405
101,145,0.348895,4.28254
101,268,5.93859,6.28761
102,298,1.54566,8.53603
102,412,2.42214,2.0097
102,460,0.300253,3.39987
103,194,3.90135,5.08658
104,148,4.59218,8.15856
104,164,9.98813,7.91821
104,185,0.770816,9.92615
104,562,0.740055,3.98767
105,529,4.9834,2.99766
105,530,8.34983,4.89856
105,631,6.20946,5.95436
106,576,4.39798,5.04379
107,112,0.869593,8.63715
108,190,5.84861,7.78677
108,396,6.22421,3.89466
108,518,3.34934,3.08898
108,709,0.463847,7.22367
109,59,9.63889,1.87611
109,565,4.55864,6.30402
110,97,5.8904,2.93093
110,261,9.09901,7.3761
110,589,5.63677,1.17137
110,633,1.9106,3.55522
110,642,1.73742,7.68885
111,522,2.23517,6.80578
111,546,0.809566,7.86908
112,336,6.29248,4.46155
114,684,6.62632,7.783
115,268,4.44755,6.55766
115,321,4.23831,9.11592
115,577,7.44097,5.70086
116,99,0.926912,0.605298
116,323,8.82213,8.04214
116,657,3.99933,6.17866
117,222,0.562718,5.95229
118,644,9.09403,7.74984
120,8,9.23657,1.57219
120,36,6.59359,9.5171
120,352,0.41798,1.8623
120,582,1.701,1.77897
121,613,1.06485,3.5374
121,834,2.37747,5.54744
122,223,5.29815,1.57219
122,280,5.89401,1.26155
123,28,2.61653,4.84527
123,325,2.43534,1.06522
123,352,2.62004,0.450002
124,465,2.98994,0.0103788
125,285,7.6922,0.339607
128,131,4.3132,4.07651
128,210,2.13342,2.70958
128,672,7.33608,0.455395
128,673,0.767683,1.76644
128,913,2.54253,7.31678
129,194,0.48013,8.46294
129,209,4.68576,6.17211
129,543,2.12128,9.25786
129,714,8.19989,6.60746
129,913,7.46646,5.91587
130,125,2.51978,2.98085
130,288,0.934385,9.17832
130,544,0.394558,2.51561
130,589,4.89411,7.72026
130,964,3.46354,7.99472
131,166,7.15157,5.30856
131,310,3.14753,8.64076
131,331,0.340711,3.63338
132,276,3.10971,5.26951
132,401,4.33725,2.41763
132,492,0.912739,3.0292
132,512,1.78028,4.74204
132,553,6.02475,2.36058
132,584,9.21825,4.99619
132,660,1.60493,9.8485
132,661,9.34883,8.77251
132,896,5.31047,7.77653
133,321,9.03237,7.92006
133,719,3.01284,7.55089
133,904,4.56725,9.7589
133,950,1.29835,7.56374
134,285,2.32614,8.59359
134,587,3.90063,7.15746
134,770,6.68294,9.94076
135,66,9.83956,2.57542
135,184,8.17479,4.46398
135,332,3.34235,3.5809
136,20,7.05418,0.184378
136,64,9.52693,9.64149
136,104,6.54318,0.843734
136,225,7.71196,2.70112
136,262,8.84628,0.833298
136,272,6.79818,4.82292
136,296,8.18055,2.83074
136,392,0.0889097,1.81148
136,981,8.19423,0.108593
137,102,8.61857,5.72066
137,281,1.51551,7.91305
137,320,7.67976,9.22431
137,515,2.5141,2.86356
137,600,5.71968,9.32823
137,643,7.18503,4.88702
137,648,8.93303,7.85067
137,669,3.02134,9.90637
137,865,6.72645,6.93501
138,588,6.51322,8.31697
138,907,0.133098,0.224389
140,153,8.75466,2.68852
140,408,2.67833,8.27226
140,547,8.36927,0.00692285
140,551,6.26496,1.18239
141,525,3.70209,1.64959
141,808,2.62995,0.703289
141,883,5.98158,8.26772
141,984,2.47923,7.52158
144,125,2.2501,6.78297
144,201,1.43138,3.884
144,256,9.57787,0.968602
144,260,1.24158,8.11577
144,300,7.27864,8.98616
144,351,4.22802,2.41856
144,596,6.4522,8.69316
144,656,5.08339,9.47791
145,178,5.32138,4.4011
145,520,8.96668,0.592463
146,174,4.8514,5.68816
146,391,2.58602,8.89901
146,513,5.55311,7.77029
146,786,3.09061,6.14428
147,211,4.38811,4.64045
148,149,7.98447,3.66774
148,432,4.77405,0.54166
148,752,5.44071,8.18563
149,314,5.37825,8.02891
149,468,7.59675,2.99269
150,286,2.59223,3.64768
151,500,6.63776,2.91128
151,596,0.618815,9.12452
151,871,8.4437,7.28262
152,192,3.70345,7.50131
152,212,6.03293,8.86261
152,222,5.67478,9.08823
152,662,3.34382,2.29853
153,548,5.70012,4.78111
154,0,6.87756,2.4864
154,896,9.44883,4.73544
158,393,7.0366,6.21183
159,198,9.86867,4.29448
159,512,6.29559,9.21689
160,162,0.612853,0.764253
160,581,9.41163,7.0736
160,884,3.67742,3.54537
161,256,7.12365,9.84902
161,708,7.77312,9.45614
162,464,8.00234,9.04409
162,481,3.31136,2.28474
165,13,2.84167,8.34402
165,393,3.81611,4.75736
166,658,9.38696,8.08317
167,84,2.85883,1.55045
168,275,7.52716,3.5467
168,603,6.59993,3.60876
168,707,2.19699,0.923497
168,808,9.1696,2.15309
170,268,1.887,5.42806
172,92,7.79868,5.41854
172,208,3.83929,1.61661
172,406,8.85717,5.20343
172,664,5.14926,3.81071
175,32,0.870786,6.19482
175,641,6.24706,8.00221
176,4,3.5341,2.03816
176,188,8.20057,1.47884
177,77,8.34133,6.94474
179,291,4.9432,1.84786
180,257,9.64906,3.97802
182,8,3.76669,9.96177
182,180,0.507945,4.83357
182,460,8.87918,0.352329
183,297,6.59325,2.72531
183,397,5.95234,7.42835
183,552,7.354,9.91957
184,978,9.80873,2.70207
186,624,2.63564,0.453293
187,641,5.66351,7.7012
189,226,2.95503,3.26384
192,194,3.03345,1.29931
192,290,9.73479,5.69759
192,291,2.58515,2.09146
192,321,4.73645,3.87514
192,456,2.44623,7.14902
192,465,5.32822,9.88945
192,482,6.80565,3.74104
192,769,1.1055,6.04286
193,278,5.72285,1.51699
193,288,2.95074,5.3697
193,651,3.80745,9.28705
195,685,5.0166,8.6444
195,876,6.44856,4.91218
196,160,8.53401,2.10422
196,292,3.21027,8.39592
196,738,0.874257,8.72716
196,817,2.08285,5.44071
197,65,7.33642,2.29006
197,635,6.41443,8.54094
198,321,6.69003,4.46264
199,331,4.6655,3.07989
200,647,8.12929,2.49402
201,408,3.9699,5.43061
201,831,4.47424,0.326489
202,194,4.49603,0.62856
202,205,6.24377,4.69481
202,208,9.74973,5.10622
202,414,6.02443,4.9754
202,818,9.16625,4.84367
203,718,0.879191,8.96917
204,82,4.02557,5.57751
204,528,2.23789,9.93986
205,450,5.04953,9.0976
207,92,4.71113,1.39989
207,963,3.55517,7.32823
208,143,6.15588,3.67444
209,142,3.82868,4.5797
210,84,3.36245,2.76824
210,127,0.519201,1.30482
210,595,1.51854,0.415856
211,180,1.99968,9.96955
211,378,1.84862,3.3654
212,265,9.25545,2.44458
213,284,8.45286,1.94828
214,488,0.264714,1.33199
214,515,4.99515,3.36908
214,661,9.30199,4.29092
216,458,6.21034,4.6759
216,667,8.68896,8.86078
217,287,1.55649,9.78201
218,42,6.07489,9.5944
219,365,7.51327,0.624305
219,762,5.69548,7.49793
220,594,5.02014,4.63693
222,995,1.55565,7.09583
223,432,5.449,7.253
223,573,4.72492,3.47608
224,344,7.94507,9.43277
224,992,8.79968,8.90785
225,68,8.24433,6.36003
225,243,8.72543,1.12818
225,904,1.36849,1.29146
226,65,9.58955,8.4114
226,274,3.87247,0.926082
227,528,1.19851,0.842473
227,867,4.68523,0.911169
228,161,6.16427,7.56029
228,164,4.65804,3.11821
228,521,1.44856,0.632512
228,579,5.5665,3.59409
230,694,6.80654,0.631877
231,281,5.96741,8.74577
232,513,6.9966,3.24196
232,542,7.80456,1.91856
233,804,1.43053,2.48234
234,800,5.89759,7.70375
236,641,9.50884,6.07345
236,707,4.00384,2.30496
236,760,0.742061,0.886429
237,351,0.0549076,0.21648
240,288,0.673103,5.63843
240,460,8.47342,3.08895
241,113,7.27262,0.845954
242,112,3.04969,0.492891
242,464,7.69312,6.0399
242,964,8.41311,1.22527
243,522,5.21277,5.79669
243,785,5.80421,2.8291
246,314,7.52564,3.40205
246,484,6.0956,4.29071
246,772,9.4753,8.99821
249,21,0.418168,2.81125
250,964,3.88208,0.337955
251,267,7.05007,9.85612
254,49,5.52441,4.96032
256,374,1.2753,2.98712
256,412,6.51984,2.49643
256,513,2.13727,2.24391
256,516,3.85478,2.4961
256,547,1.76374,8.26792
256,576,7.96899,9.80482
256,828,4.24533,8.89132
257,260,2.21341,2.09194
257,460,6.9103,7.49839
257,506,5.04558,3.1175
257,616,1.47462,8.81541
258,242,4.87781,3.34306
258,338,7.65963,5.93333
258,386,1.53162,1.43445
258,856,0.49604,1.72991
259,156,0.887336,2.51865
259,384,9.85576,1.0679
259,560,9.20956,6.2926
259,648,0.816792,2.67001
260,245,3.02483,6.09988
260,384,1.08804,7.41456
261,84,8.00783,4.08869
261,749,9.51172,7.83671
262,150,5.24969,9.66949
262,164,3.58526,1.60931
263,418,1.87952,0.175052
264,112,6.72739,9.77727
264,297,9.93595,6.67478
264,337,0.781347,2.48478
264,571,2.53643,3.35485
264,577,7.47912,9.92311
264,710,6.25599,3.83179
264,729,4.68556,8.69737
264,769,3.4625,5.1191
264,773,2.56652,1.9204
264,785,2.81276,0.700165
265,420,3.26929,8.39101
265,456,7.8027,8.92021
265,523,1.77085,4.02386
265,545,1.45414,8.16056
265,627,3.83335,2.63377
265,660,3.8285,5.36535
265,777,1.03345,8.86451
266,332,2.94591,9.73905
266,768,8.60574,0.0354646
266,770,4.08858,6.07742
267,460,3.32879,8.32282
267,737,5.74287,0.768806
267,784,1.84932,4.73162
268,322,9.41923,3.89835
268,326,4.52129,9.43928
268,378,5.08702,1.59847
270,488,7.11115,7.7041
272,160,8.55819,8.06803
272,440,2.86895,8.70152
272,805,4.49085,0.570524
273,416,7.16459,5.03837
273,544,3.05945,2.24444
273,783,5.83598,5.23155
274,128,6.51037,8.46317
274,279,6.4404,0.00469146
274,656,9.34722,9.29655
275,271,1.84007,8.70057
275,530,2.88127,0.58064
276,162,1.55177,2.88549
276,300,5.60025,2.21112
276,392,7.58582,1.44134
276,468,0.921672,9.31546
278,568,7.69608,4.56129
278,768,8.2971,1.43872
279,90,2.56825,4.0226
279,657,0.815422,9.65353
280,584,9.86428,5.3397
280,806,9.07103,4.76056
280,932,9.68447,1.65998
281,384,6.94665,8.58138
282,532,3.62222,7.74827
283,211,7.70175,8.75606
283,538,4.95807,7.34819
283,726,4.84947,1.62498
284,141,6.33819,3.10983
284,263,6.05371,6.16812
284,352,7.14797,1.06334
288,185,7.04012,3.12849
288,323,2.45102,2.49083
288,801,6.59358,3.23693
288,924,0.75823,2.17406
289,96,2.69829,0.409108
289,168,4.17315,1.51475
289,263,9.1036,2.69112
289,351,0.98814,1.29172
289,528,1.58386,2.08988
289,708,5.0366,8.85205
290,393,5.59119,6.10606
290,544,5.82986,5.99972
290,554,6.29988,0.649677
290,646,3.19119,3.35267
290,647,7.22876,7.2101
290,686,2.30719,3.3132
291,328,4.15541,6.12226
291,688,4.48223,1.02605
291,784,0.239643,7.36516
292,208,2.16133,0.16029
292,366,6.28872,9.67211
293,202,0.126864,7.13119
293,334,9.60852,1.50053
293,623,5.17275,5.74752
293,980,5.00778,0.235718
294,704,5.69829,2.07456
294,808,4.11359,3.47208
296,391,2.91274,0.815149
296,594,6.0177,5.97942
297,512,9.6213,2.8836
299,257,6.25451,4.67664
302,342,6.58303,5.11036
303,96,4.51658,2.43219
305,139,0.498754,1.03771
305,724,3.69778,5.77277
306,820,3.68922,8.2822
307,45,7.92327,3.39416
307,386,6.56905,7.53815
308,402,9.48324,4.57013
308,449,9.11936,5.09633
308,713,5.79341,9.41455
310,512,2.80379,6.87744
312,410,5.51225,7.76185
312,716,1.28653,3.0285
312,772,8.17788,5.49343
313,113,5.97701,3.21704
314,183,9.22181,7.045
314,905,1.53365,0.60102
315,4,8.49082,5.77494
316,74,8.08005,1.49494
316,850,1.98159,0.511232
318,391,2.69915,3.69411
320,482,2.9468,9.2595
320,517,0.293734,6.30117
320,528,8.56241,1.19479
320,808,2.42928,6.32715
321,596,5.07642,9.32978
321,995,4.47089,2.27156
322,262,5.77258,1.00497
322,488,9.66184,3.11516
322,700,9.31937,8.99995
322,808,7.79145,3.95014
323,158,7.60522,2.36615
323,468,1.66811,7.96868
323,527,8.34927,2.92366
323,556,4.47277,9.41737
324,151,6.05317,8.82855
324,185,2.23829,5.59913
324,541,1.53439,8.62984
324,576,3.6806,0.424924
325,519,2.40764,0.753303
325,759,2.95157,4.69332
325,832,0.890925,9.28898
326,382,8.78441,4.2103
326,384,4.65158,1.78732
327,138,4.83748,9.59278
327,261,7.21676,3.4553
328,229,3.07539,1.92453
328,592,5.42965,1.64082
328,781,9.09202,2.7452
329,612,9.76949,0.451629
329,804,2.98782,8.26515
334,874,9.98636,1.5867
336,330,5.54799,0.799194
337,497,5.15487,1.88232
337,962,9.98831,0.852671
338,840,8.16162,7.73529
339,578,1.3523,5.98419
341,133,9.13118,5.00533
343,270,1.70946,3.71077
344,276,7.55398,6.94799
344,324,8.65509,4.45984
344,592,9.1028,3.26159
345,23,5.15614,8.93178
346,513,3.42781,1.57595
349,221,7.93178,4.88789
351,516,2.29046,0.663885
352,520,9.26119,7.52581
352,768,6.99696,2.15365
353,486,0.177853,1.40573
353,620,0.930167,1.3079
354,367,8.50356,7.49608
354,405,1.29782,7.56635
355,465,8.74074,7.28885
356,520,5.87947,1.2787
356,818,8.52208,9.9656
357,619,5.11994,6.50093
358,329,3.9857,9.05487
359,428,5.75293,8.42523
359,584,6.10284,3.39903
359,741,2.80375,1.36138
360,473,3.76845,0.160184
360,752,8.20563,6.47346
361,450,4.26117,8.59162
362,110,3.9408,6.22656
362,449,6.82176,6.79413
362,685,9.00014,4.70211
362,705,4.43926,4.71385
363,28,4.74513,8.83402
363,51,7.21766,1.8074
363,662,3.50243,9.97604
366,298,9.33435,0.689689
368,194,8.5409,5.51808
369,771,2.32738,2.5496
370,145,7.0198,7.18149
372,258,2.65536,9.89304
372,395,2.67202,4.74436
373,70,8.16403,4.81454
374,627,5.82284,2.36344
375,2,4.11089,5.03142
375,189,1.88133,5.90281
375,800,5.30035,5.14164
377,534,6.21666,0.199043
381,256,6.22631,7.57714
384,107,7.01882,1.29003
384,514,4.64026,4.04198
384,781,7.16573,2.18822
384,877,0.83947,5.74932
385,376,4.48573,6.29063
385,592,1.35428,0.684565
385,796,2.37453,4.74861
385,924,5.31245,5.29764
386,184,9.57844,1.96307
386,352,2.47903,9.59634
387,305,6.1699,8.03886
387,768,5.90708,8.8882
387,770,1.37795,3.72699
388,838,9.66175,0.804172
389,63,2.07142,3.82326
389,642,5.35059,2.2368
390,248,9.87764,7.77486
390,945,6.9847,1.21143
391,851,9.795,8.88107
392,51,2.33372,7.14643
394,648,0.895542,7.87569
396,406,5.43649,5.63817
397,263,8.27603,7.54376
397,725,0.11211,7.0374
398,37,4.09832,7.01537
400,321,0.0990767,8.21048
400,418,7.79273,6.94435
401,900,4.57111,9.42865
402,340,2.6967,9.61496
402,740,3.08715,4.53246
405,589,8.90208,1.91441
405,616,3.56995,0.320977
406,520,0.595579,4.97618
408,390,4.01205,4.15519
408,492,5.35662,0.132528
408,576,3.88552,0.394221
411,275,4.19971,9.57425
411,499,7.36446,2.40989
413,822,2.98484,0.482563
415,602,1.37254,8.67315
416,330,3.18632,7.29437
416,514,1.66584,5.18661
416,641,8.01479,6.19911
416,911,1.78874,7.0496
417,1002,0.730221,4.52429
418,162,5.97824,0.32352
418,305,5.84929,6.59221
418,537,6.06679,1.93095
419,400,5.07509,4.26941
420,698,4.73995,9.37921
422,423,0.944348,4.00364
424,849,9.54515,1.45751
425,257,5.65505,2.08722
427,905,9.06653,5.01219
428,421,9.3737,8.03577
428,781,8.66126,6.97668
429,524,9.6442,3.04985
430,866,7.82829,4.80525
431,738,2.63286,8.46209
432,505,1.27735,2.07124
432,1009,5.68632,0.00282582
433,0,0.448701,0.714776
433,140,0.623892,2.05297
434,80,0.46407,0.815413
434,410,8.98121,6.76869
434,437,4.48125,8.99171
435,284,8.51946,7.4639
435,487,2.78405,1.03388
440,552,7.12451,5.63773
441,106,1.36417,7.95072
446,160,8.34801,6.7331
447,39,3.60263,2.05095
448,121,3.50243,9.46732
448,169,6.69573,4.77058
448,287,8.55535,2.14348
448,721,0.87221,7.23569
448,775,3.35745,1.94243
449,512,4.91225,8.16279
449,513,4.32556,6.04287
449,896,7.66854,1.07238
451,290,1.08527,7.6078
452,973,7.06367,3.23255
453,22,1.38069,9.0939
453,360,8.7904,3.66675
454,536,4.78032,1.34738
457,426,8.9757,3.35254
457,871,1.84008,6.44636
459,521,5.42333,5.39396
461,48,4.7891,4.69138
461,884,8.9786,6.97022
465,200,8.97995,5.1219
465,288,9.33672,6.51384
468,770,3.35437,9.47127
469,544,0.411375,8.50398
471,51,9.11542,4.89584
471,603,2.35406,7.79287
471,859,1.92142,7.53344
472,51,4.82411,9.49553
473,394,9.61327,5.59861
474,858,7.50889,4.92889
475,669,9.78994,8.61363
477,12,5.20349,4.81836
480,128,7.19596,4.09727
480,265,9.53113,8.83732
480,278,6.45505,1.59472
484,32,7.86403,0.968512
484,49,4.48413,9.7778
484,112,7.88328,3.00187
484,768,4.43984,9.47964
485,401,9.75787,0.210029
486,883,8.80149,6.80971
487,116,6.13172,0.821669
488,516,3.83811,2.47742
489,0,4.99263,5.75385
493,713,6.86449,6.6344
496,39,4.08165,3.65435
496,822,0.132335,9.41421
504,235,5.17282,5.09534
504,300,2.84703,1.13182
504,372,1.59384,0.30973
512,261,4.9053,5.61509
512,407,3.88846,2.9961
512,410,1.50224,6.18996
513,337,7.61586,6.34323
513,459,3.01996,9.94059
513,537,7.91552,0.0714296
513,645,7.90344,7.93756
514,261,0.464586,5.89384
514,562,1.77612,5.12838
514,717,1.60034,4.96839
514,722,1.87642,1.68337
514,932,5.94747,5.59626
515,300,1.90138,4.51026
515,836,4.14514,8.39803
515,844,6.59451,7.88572
516,287,1.4061,7.5462
516,576,0.470911,3.44762
516,640,3.18778,6.32323
516,670,0.885945,0.394275
516,816,4.22387,5.30377
516,836,0.143823,8.79943
517,736,8.69364,0.72801
517,904,5.13287,4.55164
518,261,0.0913615,7.52747
518,268,1.94225,2.54539
518,416,2.46773,6.45746
518,772,5.85066,5.68087
520,302,6.06292,3.0684
520,528,9.63903,3.27629
520,593,6.26983,3.67004
520,605,2.91539,2.77904
520,640,7.44526,0.287919
520,716,3.43682,7.10064
520,920,5.13067,7.55464
521,768,2.31753,0.44252
521,786,3.51885,7.07606
522,330,6.20311,7.00422
522,423,1.90392,5.73072
523,181,9.43323,9.24246
523,512,4.3425,1.69041
523,774,1.36836,5.4609
524,5,0.168893,4.02035
524,6,8.7793,9.17815
524,81,6.61552,2.49048
524,156,1.09828,3.65431
524,214,4.18524,2.00267
524,256,4.49987,4.02126
524,424,0.321237,7.32027
524,924,8.40597,0.175174
525,403,3.54759,9.59799
525,456,1.62998,2.32136
525,578,4.52464,7.85984
526,397,0.820961,2.94905
526,416,5.88836,6.25565
527,340,9.84698,7.3159
528,405,0.37883,7.99769
528,521,6.17629,0.50758
528,570,8.43943,6.77937
528,578,4.40312,9.98374
528,589,3.12432,4.08332
528,625,6.37399,0.11822
529,178,1.16845,9.18317
529,338,1.80672,9.47027
530,638,0.899336,5.45686
530,889,3.893,3.46665
530,898,8.60407,0.0153374
530,901,8.26366,5.45542
532,195,6.93518,9.65275
533,20,5.6815,7.21798
533,62,2.87553,9.57587
533,141,6.66724,4.93181
535,48,1.16864,0.577874
535,428,2.68332,1.82441
536,266,5.10312,9.95074
536,403,7.31423,8.52875
536,547,4.42021,9.8741
536,709,8.08889,1.75492
537,512,3.13491,9.1834
538,656,1.95433,8.87413
539,296,6.24312,5.69612
539,452,5.15101,3.68488
539,529,2.27315,9.3445
540,91,1.40142,1.88374
540,184,1.40733,3.46724
540,566,8.96875,8.29928
542,184,5.6857,1.21731
542,705,8.32508,6.1617
544,117,2.02186,0.388083
544,261,7.91159,2.50728
544,388,2.86842,5.06457
544,463,5.13249,2.20004
544,512,4.14612,1.67126
544,765,2.57483,7.19755
544,808,5.8627,9.93419
545,518,5.58139,2.40571
546,178,4.86713,4.34696
546,203,7.41024,9.71093
546,282,2.97473,0.943875
546,399,4.18528,5.5851
546,562,6.9392,3.90697
546,741,5.1491,4.03476
546,770,6.66826,9.07534
546,893,0.364899,9.86825
546,992,6.82942,6.28165
547,293,6.65217,2.45847
548,51,1.79189,4.47005
548,418,7.29041,8.35266
548,694,2.67842,0.727537
549,14,3.10456,2.86527
549,332,0.396852,8.54362
549,515,3.3191,4.25681
550,813,8.79441,7.02424
550,953,3.38416,7.65163
551,544,9.77067,5.00081
552,361,9.35206,7.27773
552,520,8.7691,4.94783
552,697,0.447915,6.43242
552,724,5.01989,9.99792
552,804,3.2354,7.11275
553,408,4.01382,2.13482
554,615,9.22584,5.01543
554,748,3.59851,6.343
554,838,7.009,6.53164
555,5,2.31167,1.28942
556,664,2.80712,8.43383
557,16,4.62681,6.26841
557,514,5.89752,9.2068
558,2,9.20031,9.98655
558,930,1.87543,7.69453
559,192,5.49348,6.46285
559,260,0.556199,7.15949
560,744,2.93772,0.0190915
561,27,2.56198,3.22844
561,532,2.90206,9.7035
561,1012,6.62583,8.68885
562,347,3.19655,3.52041
564,158,8.50227,9.71532
564,954,0.769625,1.60548
565,517,3.98968,8.48814
566,43,7.41005,5.73144
568,264,3.41274,9.5124
568,804,0.905906,7.12436
569,513,9.66966,8.95812
571,382,2.37067,0.842293
572,659,3.17986,6.37078
575,35,8.81669,4.23147
576,448,9.30511,0.758986
576,651,0.00164609,5.05557
577,320,2.61129,7.16448
577,321,2.00607,5.87062
577,330,4.33872,0.620517
577,572,6.08724,2.42332
577,580,4.79061,3.9977
577,800,1.54402,4.67184
580,365,6.27399,4.09157
580,513,6.89032,3.15676
580,530,4.56478,5.40841
581,781,4.25208,2.70254
582,625,1.95377,9.58282
582,754,1.07978,8.8349
583,179,6.08505,7.20012
584,384,9.41033,4.97709
584,641,3.71427,7.27321
585,292,8.33102,5.10267
585,800,9.46904,9.69116
585,998,8.19583,6.99724
587,121,7.15041,9.85559
588,200,0.15836,3.19934
588,393,9.59602,0.163578
588,594,8.2869,9.9848
589,400,5.86766,3.42522
589,746,1.01675,5.22476
590,192,3.17994,8.60018
590,836,1.87714,5.32301
591,157,9.45691,7.00756
592,512,5.2029,9.7741
592,565,2.42594,7.61718
592,651,8.91968,1.1163
592,674,0.475497,9.01059
593,160,6.53959,8.41318
593,304,2.06432,6.77773
593,529,8.92449,0.0308655
594,329,4.72962,6.94392
594,769,4.31173,4.39786
595,216,2.09983,0.392023
596,532,1.83584,4.9561
597,773,0.417467,2.30567
597,845,9.28038,6.51844
598,361,3.25745,3.36918
598,512,4.32133,2.12048
598,611,0.485247,6.35341
599,168,4.54179,6.40533
600,450,1.62675,0.195165
604,787,1.58487,7.38238
605,584,8.77441,5.98509
609,34,8.82459,0.0968795
609,204,2.06223,1.58848
609,429,3.36387,8.88281
609,619,1.09291,3.20348
610,580,8.37864,2.34317
611,653,2.23739,3.08241
611,684,5.81784,8.5701
613,968,6.59025,6.0422
614,854,5.32303,8.87966
615,320,6.77171,8.48981
616,626,7.07786,4.68253
617,66,6.35258,0.488596
617,175,3.85244,9.55234
617,528,9.45514,7.05359
617,608,3.34856,2.85743
618,610,7.36843,1.19423
619,674,3.83823,1.16297
619,768,2.30876,8.28668
620,674,1.75288,8.30478
623,682,7.72532,4.1824
624,198,2.47719,8.81182
624,285,6.24933,9.84772
624,846,8.76479,2.43283
628,80,8.66126,3.58075
628,446,7.13778,4.06178
629,494,6.96955,5.06257
630,403,4.87233,0.938526
632,10,2.93504,5.75056
632,28,2.11489,2.02516
633,162,4.15235,4.82008
634,308,8.84007,2.62771
635,736,9.71437,4.14527
636,66,0.578973,3.06542
636,868,3.45117,5.90524
638,174,6.54353,5.91352
639,68,7.70672,7.42813
640,708,5.61825,1.59289
640,797,8.33102,6.50314
640,848,6.48448,2.68409
641,513,0.8207,0.930646
642,248,4.34132,9.7984
642,313,4.85158,3.31798
642,516,1.03422,3.29505
642,576,3.33354,7.99354
643,292,3.45053,8.16733
644,33,4.88988,7.78351
644,74,6.52097,9.41022
644,76,0.827452,8.88874
644,555,6.11315,1.80964
644,609,2.8284,6.67573
644,904,5.75937,7.21108
645,437,4.40921,7.63159
645,933,5.04437,7.71329
646,269,8.23117,2.05437
646,585,7.97421,1.38484
646,836,1.58629,4.1649
648,612,3.53187,5.86664
649,7,5.30589,8.1551
649,20,2.91122,2.05323
649,35,3.47173,2.02133
649,300,3.70094,3.80823
649,640,2.77088,5.41203
649,744,1.97881,6.155
650,206,2.29483,5.29063
650,300,4.62005,4.87438
650,428,9.72476,0.0580017
650,528,7.72557,4.6662
650,704,5.56741,0.343817
651,579,9.62718,7.04628
651,676,5.6405,1.57744
651,784,5.53548,7.39955
652,13,0.288542,5.37866
652,512,5.78267,2.27621
656,158,1.128,5.37271
656,350,2.15814,1.38807
656,408,4.63986,6.2438
656,409,5.88578,0.221354
656,470,3.70762,3.41056
656,561,0.854985,9.77408
656,724,8.59083,1.9518
658,183,0.100674,5.07316
658,192,7.17627,3.61435
660,838,3.24427,8.46913
662,227,3.48284,8.01806
662,344,1.09326,6.31684
662,899,4.2036,0.769661
663,828,2.59646,1.26883
664,261,2.24719,5.85243
664,448,0.717244,0.0806361
666,72,5.11116,5.0535
666,403,4.97062,7.18603
667,589,5.23014,2.33993
668,568,4.0575,7.77418
669,125,7.85483,5.71371
669,696,0.203712,3.8956
672,156,7.98927,7.4871
672,965,7.4484,8.72423
677,336,9.9067,1.53378
678,128,7.85774,6.71344
678,159,3.90275,4.56676
680,67,8.56635,3.68354
680,658,1.14316,2.36075
680,661,2.54871,8.3238
682,928,6.3531,3.97067
684,305,7.42213,2.17423
685,672,2.76605,8.40734
686,684,6.27896,5.4708
688,406,8.64436,6.52322
689,578,1.40656,3.74418
700,324,7.68902,5.58195
703,896,3.39315,5.21515
704,432,2.09158,3.449
705,89,1.69278,8.61514
705,593,5.17421,5.55144
705,896,8.38359,2.08704
706,42,6.87842,6.63522
707,125,5.049,9.77132
707,456,7.74544,5.80213
708,594,6.56576,7.52495
708,646,5.076,0.195724
709,286,6.6838,1.54512
709,320,4.54333,4.04151
712,127,6.88743,4.39046
712,522,1.6285,7.42796
712,790,7.08309,4.84926
713,528,4.00171,1.83359
714,522,9.59404,0.0629925
715,5,4.23294,4.42765
715,37,7.32508,9.63957
716,443,4.11734,0.13975
716,456,1.78744,5.29705
716,734,6.84832,4.39765
720,69,5.06708,8.76609
720,578,6.48013,0.82497
720,645,5.16685,2.92962
720,810,0.609564,0.627578
721,768,7.97398,9.88052
722,282,5.68903,2.74661
722,340,1.87195,6.88501
722,548,9.8622,9.77463
722,756,8.21148,1.51577
723,86,6.22722,1.63773
725,893,7.32216,5.91219
726,2,2.47714,2.77437
726,580,6.30925,1.1341
728,56,9.89718,3.00987
728,141,9.72452,4.63567
728,309,1.59628,3.9404
728,865,9.36313,1.84553
728,934,6.4366,0.787321
729,743,6.23105,5.70679
733,3,9.54899,0.274289
734,59,1.16551,0.870432
736,424,6.96481,8.46609
739,416,5.92928,8.1929
743,309,6.23532,3.4323
743,546,3.72814,5.21663
746,538,8.54588,7.90321
752,517,5.61029,7.73051
753,251,1.11424,9.43832
754,769,3.47257,6.59948
755,776,0.723315,8.15908
757,39,3.81597,4.7246
757,321,2.84515,7.58703
760,512,0.548588,7.48886
760,536,5.87734,4.69689
761,516,1.95418,0.326721
762,289,7.5595,0.114723
764,52,1.57913,1.04789
768,178,3.0067,1.67595
768,188,3.04927,4.47789
768,531,6.92756,8.15409
768,600,2.17575,0.323971
769,305,6.23574,8.0011
769,770,0.398101,1.22643
770,861,7.70051,4.33077
772,352,3.47382,1.82664
772,544,6.97237,0.442126
772,556,8.87273,2.4171
773,417,3.00549,7.61269
773,713,0.82469,8.06023
776,35,0.523588,9.83568
776,772,4.15436,2.27792
776,900,2.20796,7.11767
778,85,6.69208,8.95695
778,105,6.96091,6.29465
778,158,5.82046,2.88965
779,364,0.0931432,1.61239
779,814,5.69906,3.99088
780,504,1.09013,9.21217
782,257,6.50185,9.7246
782,490,4.58095,8.18341
784,605,4.39434,5.30671
784,898,4.75389,2.72331
785,799,0.714915,9.99368
786,560,2.42952,8.88721
787,333,0.717771,0.858858
787,580,3.87548,2.28704
788,33,8.99652,3.5646
789,569,1.23898,3.56815
789,690,0.474903,7.41622
790,774,4.56473,4.86976
791,22,2.84749,1.56214
791,470,2.80075,4.62802
791,512,1.91253,9.80801
795,554,9.96772,5.96689
797,298,1.15565,4.29139
799,516,6.34037,5.01978
800,388,8.20887,1.89829
800,843,9.25728,8.64932
800,988,1.60345,8.4892
804,775,4.67755,0.466805
805,325,3.00874,8.88577
805,399,0.323425,0.644269
806,144,9.19596,5.3592
807,128,7.87704,5.68028
807,684,8.46526,8.40499
807,785,6.70533,3.67485
809,542,4.95248,7.78369
810,327,2.53567,8.91755
810,344,3.77046,2.69064
810,418,0.128535,0.119633
811,699,4.00172,7.45938
812,708,8.85561,8.30021
813,140,7.70654,0.836043
813,198,9.41881,8.68611
815,32,0.275968,3.93971
815,806,6.66548,8.96601
816,296,0.343146,0.977825
816,332,9.04807,1.77859
816,421,7.86652,7.24778
816,754,0.74072,5.63261
817,335,2.29049,1.61189
821,10,4.29401,4.7159
821,256,2.26236,7.19489
821,515,2.37709,0.52603
822,42,7.86332,2.08412
823,192,1.29692,6.03572
824,395,4.84792,9.45476
824,468,8.56097,9.08504
825,961,2.44577,7.04179
832,84,4.1904,2.13456
832,377,9.42204,8.74168
832,401,8.75516,9.81355
833,288,5.49272,3.92435
836,819,9.20539,9.16512
837,332,8.88997,7.759
837,468,7.3424,8.05651
838,830,1.26974,7.78541
840,525,9.45288,5.96865
841,36,1.61324,5.27288
842,4,5.55871,2.11273
842,172,1.77032,1.01464
842,555,8.01777,5.84902
842,866,4.34095,5.10442
842,962,7.4519,0.927732
844,648,2.90155,3.4375
846,88,9.67219,4.38081
846,130,0.541066,2.9456
847,644,7.46502,4.01306
848,410,3.32527,2.64216
848,665,2.23953,9.42848
849,171,4.00285,3.29075
849,513,4.31032,1.61705
849,528,3.33466,3.6866
849,921,8.54518,3.99684
852,262,7.26435,0.644373
853,315,1.03817,1.38242
855,928,0.162911,3.97397
856,785,1.6389,4.06159
857,336,9.80701,4.0755
858,162,0.64807,6.89821
862,314,6.98439,8.65568
863,322,7.18158,5.77689
864,101,2.04192,6.14337
864,186,8.65596,5.8203
865,292,8.59921,2.23465
865,668,8.47155,8.84891
866,547,7.81951,2.64929
868,80,9.23887,9.62953
868,134,6.54002,0.297561
869,771,5.60285,0.302227
870,197,3.49173,3.74657
870,822,1.50936,3.10696
872,609,6.82959,2.74588
874,261,2.56226,6.41438
879,672,4.25186,5.88659
881,588,4.37682,2.90938
882,584,3.79676,0.585281
885,777,5.00608,8.58374
886,961,8.97908,9.87586
889,743,1.08431,4.36434
890,11,7.47409,4.09789
890,14,3.42003,2.68624
892,769,1.81054,5.11155
893,745,4.37993,0.632335
896,277,4.59129,2.91492
896,534,7.56388,0.524513
896,569,1.26469,9.22773
896,579,9.18983,8.0974
896,673,6.06978,0.706508
897,896,0.214614,5.01893
898,368,5.47587,2.6982
899,465,0.470352,2.88571
902,194,5.15569,2.75038
903,514,5.55199,9.59012
906,392,4.8668,9.29157
907,301,0.192382,6.75307
909,16,6.83196,2.43265
912,142,9.87671,2.07272
912,185,1.34405,2.32349
914,624,7.38331,9.1653
918,304,8.68655,0.769435
919,866,3.42612,8.43197
920,792,3.77435,9.57856
921,787,4.42325,1.66715
922,166,2.727,7.98147
922,624,7.48249,0.644188
924,442,6.06243,8.10525
925,262,2.23296,8.80079
926,583,9.1705,1.19889
927,529,2.16882,9.54985
928,403,1.34499,2.37498
928,817,9.29229,4.41015
929,21,7.78707,1.09303
929,804,2.70348,6.99671
930,66,7.61502,5.22149
930,292,1.59897,8.52347
930,588,8.1856,5.58351
930,772,0.531391,0.1937
931,729,5.29468,7.85739
933,775,9.51649,2.0082
934,231,0.668225,3.58744
934,512,2.87124,6.05074
935,308,8.473,8.18389
937,264,4.63705,9.38672
940,738,3.75288,9.84676
944,62,0.586131,6.77441
944,83,2.83045,0.817954
946,567,1.85803,7.80402
948,522,7.62367,3.77952
953,865,3.18766,9.35912
954,40,8.59567,8.28487
960,28,8.90732,9.48725
960,269,7.88113,9.49164
960,386,0.0959956,0.0888947
961,270,3.95348,9.42268
962,102,8.62372,8.323
964,338,4.01731,2.04712
966,331,3.92059,7.84584
966,529,1.61835,8.38794
967,809,7.22796,1.34233
969,143,4.31231,5.06378
969,145,6.65895,6.11112
970,520,6.35435,0.24244
972,369,9.6017,5.42668
972,535,9.51487,0.698158
976,319,5.44694,2.88095
976,327,4.6782,1.73957
977,36,2.80359,1.65232
982,877,3.66232,5.05901
986,418,9.02212,6.72731
987,358,5.29733,8.34637
988,252,9.24857,8.22514
992,262,4.84528,1.82832
992,608,9.28188,5.01574
993,66,3.31965,7.06184
993,324,4.03413,0.524643
994,662,3.40058,3.39318
996,401,7.66935,5.69775
999,836,5.72452,6.09542
1000,51,7.29241,4.43114
1000,818,9.96503,5.04955
1008,239,1.36076,4.95251
1009,360,4.66319,5.26258
1009,392,3.31362,9.87649
1018,146,2.89968,4.84879
1020,81,9.57512,5.30258
1021,322,2.31334,3.75384
1022,80,3.2801,2.5724
