0.2833920323090099
0.2527783353326027
0.2879062373546690
0.4458512700170886
0.3546848052417622
0.4484016659958240
0.2561946591470112
0.1532938196138677
0.1893864011422028
0.2967760897806578
0.4252084503269387
0.1594899316186083
0.3371700652682744
0.2725581230263582
0.2247305601539397
0.1859294060444630
0.2862558119032959
0.3480073566629860
0.3356067586451860
0.3223454600527131
0.2540237312381758
0.2029679576618722
0.4086659895285056
0.1874033097704779
0.1940765686025477
0.4395873341687381
0.4181684967697284
0.3066941826858556
0.2494231478197075
0.1630525493165168
0.2783167078409398
0.3583222867234686
0.3545242140183731
0.2945053743200606
0.4042120806999643
0.2391806535147886
0.3579020141766893
0.1566700011880686
0.2415039652388496
0.0674906125981029
0.2643777251113437
0.3470137247985319
0.3865360110720831
0.3353288642238045
0.2709761575904749
0.2762350592445302
0.2088158745754126
0.1017551632083406
0.2643217180527093
0.2517167887270992
0.3163171259325139
0.3101801360075440
0.1332500000828358
0.2233734186428130
0.1361392503428204
0.2014226264272767
0.3222905662365438
0.1267027167716201
0.2513270266227272
0.3216413281599997
0.2497391502741854
0.2045635378841255
0.3822549643274958
0.2113915296193988
0.2868547689217767
0.2665376485813461
0.1484938033863767
0.3357949531103391
0.2776365273258392
0.3555351951391800
0.2752092029765742
0.1508344363719056
0.0697937595487320
0.1001536324657046
0.3552698239549596
0.1614085643856920
0.2734192060067211
0.2591778918773587
0.3006116519244398
0.2032970820201137
0.2254496515337347
0.1955291867580120
0.2113778552022868
0.1797178104565187
0.2669370498008095
0.1652876672112957
0.2462020954675774
0.1966904289561472
0.2424518955093740
0.3663049858983172
0.3306151395182266
0.1088079727890468
0.2479511753437550
0.2301506306436874
0.3474581843410773
0.3077783210408604
0.1399294544451823
0.2580097982534960
0.3276657068653462
0.2595945931388495
0.2655679255314846
0.1848044709708317
0.2346078304635704
0.1688878892392272
0.2789778422932637
0.1810215470767126
0.2399317057606511
0.3540134066420711
0.2069708915142869
0.2739986386299390
0.1872453442902691
0.1899314863738697
0.3736246532652930
0.1324699798578692
0.3276656993989485
0.1994555600912394
0.2168431484528629
0.3181487606835611
0.1432317370693936
0.1775020254903714
0.2862408427437766
0.2127944155107973
0.2112421582529323
0.3341973271649233
0.2539682453266091
0.1396645113141791
0.3452124673835988
0.1172522010377688
0.3758529843153571
0.2172984426648847
0.3349007602365715
0.5761867767945337
0.3662497344644516
0.5103268982675936
0.4486761890167694
0.1501418065879470
0.1537119389654236
0.3483113472222412
0.5596686432065624
0.2462930136300266
0.4187833387940272
0.3807883629603686
0.2338314126991711
0.2393335843653432
0.3805054325123392
0.4019257007442729
0.4840772122062303
0.3890824804260084
0.5031350221725308
0.3093643007715660
0.4506488539491943
0.2204100293969707
0.3682409553006543
0.4890597256812871
0.4378308849271010
0.3234551910437562
0.4091580559036628
0.2431492953505692
0.2992845156840032
0.5131369636078692
0.3641845784184974
0.4568627968646216
0.5180203614043046
0.2627203042259579
0.5126829704595253
0.1657975898232640
0.3634962046992489
0.1880650268383027
0.3006196691549066
0.4363997405450883
0.4680339860173680
0.5056223141027389
0.3506873838863580
0.5228406227214456
0.2236725077218150
0.1889805899913209
0.3332029525557506
0.3557253858618751
0.4909781089038652
0.3391006451650603
0.1525696029815938
0.4398395030568187
0.2981130311260859
0.2261451436196792
0.4331358579368785
0.2813613061942181
0.1483900198312306
0.4744547930094616
0.3816828098124167
0.2524217980564647
0.3794504073857882
0.2892999288243759
0.2509880491396384
0.1665717991021360
0.2198638199221848
0.3837463653318815
0.2515815698623273
0.3581549068099977
0.2813677023830106
0.1027535476746584
0.1088854641006156
0.2266035399455948
0.3781293610829257
0.1469307201212776
0.2872404517322295
0.2436854922883895
0.1743726219601615
0.1564844991561719
0.2653188887251312
0.2627886139518363
0.3204444742018163
0.2514117965588321
0.3191910193761263
0.2097357689495859
0.3002202916394815
0.1589998000605886
0.2391174279644913
0.3473482704219110
0.3075470788155026
0.2070702488693476
0.2690639660868410
0.1759111262026372
0.2253475411154705
0.3270456820408992
0.2343183905633200
0.3121966182552648
0.3427441032419921
0.1814132726518302
0.3432931835456044
0.1306385733864543
0.2355509188236636
0.1254637930967827
0.2199471783464188
0.2731919143933326
0.3148833855004996
0.3383465572089439
0.2293178581579749
0.3327109623209328
0.1480424929566596
0.1337313152877413
0.2430878928866868
0.2231221816821308
0.3397048087988103
0.2177765959963979
0.1251610882626629
0.2797673645204550
0.1782351771464580
0.1641549072239251
0.2857441266241059
0.1867136728114757
0.1295432447219472
0.3087089352106325
0.2595726298543180
0.1608121195724936
0.2804749342862380
0.1873680262994726
0.3021772885513447
0.2057124689958135
0.2390922707705968
0.4560832954932320
0.2978368667218764
0.4124639499417350
0.3643423186196181
0.1497594121678977
0.1337920675062377
0.2589527443136033
0.4442425638008639
0.2129166060832223
0.3216616248541427
0.3300933633266946
0.2274379150105873
0.1827757220299046
0.2965079997940153
0.3124519661622919
0.3364827322276485
0.2863264836841984
0.3699568575841099
0.2289786363103757
0.3576031118758182
0.1709371059173190
0.2779041299723293
0.4147841523567066
0.3432087999637599
0.2581162985603084
0.2942171462265407
0.1802419088197751
0.2487418461815047
0.4318869614581864
0.2920562413336384
0.3306026502121139
0.4040750197442076
0.2023174809097702
0.3614379467351191
0.1118606112123246
0.2679415130261596
0.1563124706083427
0.2539530318605495
0.3559534956265969
0.3459312076501169
0.3917047344840986
0.2639264909884771
0.4033421824134061
0.1840508960969510
0.1506466433581395
0.2817536007249217
0.2614825634908105
0.3705048447474706
0.2749163213491535
0.1129167534173114
0.3416993804403121
0.2142012224157032
0.1418298462834281
0.3713405683628386
0.2133255062776811
0.1248602741488102
0.3891584216270285
0.3144851679894803
0.1878548250231373
0.3183733376837525
0.1953403012567602
0.3656513227458201
0.2223249956457903
0.3269817055313849
0.4033697746733771
0.4091426083137270
0.3300387821236088
0.3436987061793924
0.1648207309219345
0.0810841111226699
0.2086105126198911
0.3669514554391689
0.2926028343422293
0.3145520124193711
0.3181973329280703
0.2124580480026880
0.3630228131601719
0.1293360177354024
0.3538543026894970
0.3076820186618899
0.3891336216355501
0.3280770105923981
0.1259221093325343
0.3950089944490162
0.1942171248081188
0.2616447908582480
0.2678941963875586
0.4384718631576152
0.2651094054007950
0.3241000577013227
0.1798734991550453
0.3031640275743137
0.3875327119631965
0.3336233030322501
0.2022099112320675
0.4728858882893596
0.4200323860905615
0.3518676810147108
0.1802602674605481
0.3760915437176751
0.0724459229181558
0.1910167450952260
0.3454277146817945
0.3574954851882104
0.3797696751419590
0.3519940332749206
0.2766117705724732
0.3323715428423785
0.1118659197092025
0.2978782509026993
0.2876684171081861
0.2158904777102680
0.4106460169031151
0.1455976293468924
0.3918039223247693
0.2863004947990168
0.2761651850722347
0.2783738816952780
0.1624259289074890
0.2319838571074788
0.4031489666888045
0.1325927006655673
0.3123540845092990
0.2953602412171008
0.2578654127784656
0.3552584163063157
0.1892123621717084
0.3420761773555794
0.4540161270233352
0.3678633288785884
0.3956005982425946
0.3483579264442468
0.1092026269741541
0.0838555683121037
0.2587986983301002
0.4363118303029098
0.2182358207490134
0.3687186268232608
0.2795010962775860
0.1814700851631495
0.3106698397028761
0.2472864226199736
0.3501610733285013
0.4310435390568474
0.3869011977990664
0.4227321769053720
0.2258922369605151
0.3877996634073121
0.2216163627896863
0.3212871833021748
0.3288470812218799
0.4404977446871490
0.2460777280008346
0.3950163059735821
0.2463736758899164
0.3145611845933828
0.3686241699328500
0.2964552621027303
0.3595412357083819
0.4781077340213378
0.3615110636917104
0.4722854690009308
0.2269635367564462
0.3842660984750003
0.1215705595870446
0.2330749838212232
0.3187662097956506
0.4199812575339041
0.4421718367503934
0.3514993520194332
0.3737350353887978
0.2632185318709608
0.1607426881557228
0.3159933973531814
0.3104874320832528
0.3730314531653251
0.3368956968056556
0.1951015262062001
0.4098398901187157
0.2959990522956276
0.3189294482471309
0.2858660572829292
0.2341981858895270
0.2095897311570501
0.3960333372230206
0.2235520209802252
0.2813681776970445
0.3236578606363876
0.2998554842163146
0.3510217234891711
0.2835817456925849
0.2643911161339899
0.4788812779961374
0.3780911554214370
0.4490997087586738
0.3743068712012312
0.2010127983631019
0.1528721608991729
0.2503165877027649
0.4624031021270046
0.2558325014335073
0.3454819548973186
0.3706387449096565
0.2980908093779308
0.2454783609163075
0.2738442742743896
0.3477130596346717
0.3087677773215236
0.3200422226627848
0.3362800152514970
0.2010740291893537
0.4075536454617503
0.1999131528535120
0.2693870633794063
0.4522450658397341
0.4190785011412427
0.2851234604225956
0.2915578368607629
0.1912318342517635
0.3206630838782887
0.4632629502998656
0.3360625500410633
0.2903588239273419
0.4530411608826199
0.2897114064608716
0.3464146338234838
0.1423647856827312
0.2968603107744578
0.1414528401108765
0.2880785723832655
0.3815307466209683
0.3622066129519451
0.4082449989643451
0.2981493879954325
0.3635774182646487
0.2548773800501083
0.1526835824605455
0.3421118980479029
0.2615190999583482
0.3399010796062534
0.3457203101166709
0.1435943864309474
0.3572139944483335
0.2096890072445415
0.1743121929026848
0.3965765434037147
0.1962179591136217
0.2123720336586231
0.4282190831076101
0.2950378493575431
0.2272757980415206
0.3843430668313985
0.1959322060225381
0.3527173104837178
0.2006657568556119
0.3871653929669268
0.5320463620402129
0.4116176739604831
0.4468454153250454
0.3833994586838734
0.1626837878697649
0.1826675167559121
0.3772338876101061
0.4805401175450696
0.2746591930638291
0.3772091888959939
0.3604966495534037
0.1739971882478994
0.2746416836926189
0.2702899745826688
0.4498202462941112
0.4320900631387792
0.4493744126942317
0.3888687738644407
0.2215422712154259
0.4978711457960999
0.1822950962370958
0.2713041402865399
0.4021038770152298
0.4555540962114007
0.4024241223305162
0.3404378031037706
0.1481185443863492
0.2337146564878861
0.4807794553104009
0.4645133883884079
0.3186564495138904
0.5157154442410368
0.3047651944457159
0.4464375230277686
0.1258889759618198
0.3520401401419554
0.0694005600897246
0.2199134882530522
0.4862210912974538
0.4665046268847537
0.4072068565017706
0.3687835656652522
0.3906575800358205
0.2798673530624398
0.0878184761481464
0.2304535491125498
0.3771770948071891
0.3160847551188309
0.4289773981421234
0.0737631348444569
0.3478105701993883
0.2789841897139025
0.2271095368281947
0.3754629219440879
0.1589351523058484
0.1854122792234672
0.4222322461049858
0.2465184475713738
0.3059161846429487
0.3321578097480719
0.3046633984075178
0.2625909465365514
0.2005543641479601
0.2841880425025875
0.4014624796340202
0.3214141675247670
0.3878865907295165
0.2377910350848444
0.1187512510512639
0.1522939240491007
0.2736533378184333
0.3795576071988623
0.1480841142468421
0.3102019440566244
0.2339513271139275
0.1713223048833435
0.1915662448519131
0.2466684216407786
0.3217529468467503
0.3352672428198715
0.3158543493544771
0.2603267578511091
0.1876594997019254
0.3697568383331250
0.1719391042621176
0.1935651838533745
0.3608898859616302
0.3825071831068824
0.2745608327038508
0.2553630350024946
0.1566081951643752
0.2438589348225912
0.3130924970451085
0.3188917089450681
0.2793846046560468
0.3789326901977459
0.2383568814088247
0.3555839728310898
0.1555089377211433
0.2475872964440289
0.0567988268685685
0.2195249090305519
0.3106188283678250
0.3653672765468551
0.3152083471498706
0.2645338818864623
0.2609086482995627
0.1973405743710844
0.0918272836417688
0.2284187772652211
0.2483676208400696
0.2888483347517095
0.2885942987152425
0.1246738933833677
0.2261760016196547
0.1565687781509019
0.2144913460576461
0.2695470012651578
0.1254968812259334
0.2172901096950754
0.2922514148346153
0.2064710045788951
0.2059574685661824
0.3228785795888992
0.2209492008972055
0.5147820637981811
0.3834488867844221
0.5021846832769663
0.6703037641025730
0.6125838120136353
0.6326583770859390
0.4453974666077180
0.2340087599254199
0.2105054114066099
0.4001412737319276
0.6318043246801537
0.3244157818553011
0.5346023209902242
0.4336385912219480
0.3431495667675131
0.4422941566441244
0.3438300197038694
0.5522997338981833
0.5388156379023300
0.5697544402900956
0.4603292349664051
0.2742530497330554
0.6348345482469147
0.3234196796983847
0.3641736516584562
0.5654958280759182
0.7053809919409282
0.4364412654967206
0.4733921284608242
0.3022828127292091
0.4922179688515943
0.5505871832824213
0.5283121780899073
0.4238585113679496
0.6979091024190577
0.5431465364852089
0.5964622780614987
0.3124026071538492
0.4988753104092260
0.1060453313870909
0.3757395788790339
0.5137298676916918
0.6101534969690388
0.5765263098960404
0.4998642531671684
0.4217953505155801
0.4269624241089471
0.1807987609894341
0.4655596343530278
0.4219669997433625
0.4495750479435560
0.5576203617428747
0.2627245073276178
0.4788009004210088
0.3256520995435630
0.4285882060037700
0.4487874308247289
0.2362709645244487
0.4228450362395634
0.5562038802887374
0.2969776417569844
0.4111411977332792
0.5616888301717650
0.3896251987044812
0.2117019752174232
0.1370239327490895
0.1417940076712527
0.2599067599806426
0.1868302299710252
0.2442758302302082
0.2250184900418326
0.0742649195691838
0.0308345559114859
0.1023526129106184
0.2693413490339753
0.1193095101414682
0.2119887147699913
0.1778704057539305
0.1603203811762873
0.1589067876656723
0.1736857773162692
0.1577121912967775
0.2217397295663860
0.1652559775232066
0.2639404281513831
0.1479530433717583
0.1825970211977852
0.1402677501633735
0.2142136869723278
0.2292278394377159
0.2320968013592433
0.0861148788105382
0.2308047214430385
0.1776654322371188
0.2206632265037915
0.2259633482998319
0.1054381767141069
0.2346150271467075
0.2574826769035480
0.1874590148909780
0.2558503504373781
0.1384883705033175
0.2073862595677584
0.1290109433742074
0.1758236555670797
0.1448084154488038
0.2072008165205572
0.2836435351347606
0.1752317227926342
0.2516316697875422
0.1280108112790370
0.1406238813567545
0.2427144674566193
0.1395009147020853
0.2695677733190624
0.1452244942294813
0.1486011317464672
0.2700826292005944
0.1587332057421557
0.1576840517177562
0.1943036889822101
0.1824310439944045
0.1087792689504535
0.2503800197856410
0.1855317164481578
0.1226578738289662
0.2108371311410518
0.1324354401022375
0.2936755664676993
0.1893631627691587
0.2940318957712120
0.4661204986075412
0.3223631757962816
0.4204686648912677
0.3278369000505466
0.1326819151621679
0.1577841972193680
0.3103167244400680
0.4413233406569158
0.1954301551608848
0.3364418377397843
0.3007671407743555
0.1812196533431991
0.1915336840262524
0.2927911630171938
0.3528142449020285
0.3798583264277001
0.3376991629539859
0.3513004183819366
0.2291968228250025
0.3981338350460938
0.1711134162681756
0.2525082599974947
0.4018192748064496
0.3768013214079182
0.3059530678911559
0.2980969815550459
0.1639828914146081
0.2296247975470070
0.4055460830714345
0.3469151454301787
0.3326011544331715
0.4209559031707014
0.2175913048725930
0.3965514436447082
0.1250057567892083
0.2772132187036215
0.1047189789024483
0.2337612469127266
0.3791340751629441
0.3925734368352876
0.3728813763889759
0.2875044718103373
0.3703734411167673
0.1960620654706445
0.1153309642705832
0.2388958501091318
0.2941551668398427
0.3489257856564255
0.3068024428659916
0.1005576141895061
0.2994888054120506
0.2114118403674042
0.1828147044277319
0.3420411781697330
0.1754492053325435
0.1559631759036457
0.3604544084369360
0.2764071672753418
0.2166632599223236
0.3193667782279051
0.2374535584229127
0.3162518174631768
0.2622443460058475
0.2200902450976636
0.4288766966950702
0.3112111312473719
0.4395748172025492
0.3143007120820938
0.1393714055811716
0.1064129067878605
0.1947556982852939
0.4436174205071148
0.1572117362089381
0.3446037210710862
0.2790312912671829
0.2839184183742024
0.2063574654438840
0.3119250582798082
0.2653954403852402
0.3339573626713424
0.2508428496120705
0.3505195323146684
0.2380134664606109
0.3193568305330476
0.2234197084049531
0.2899240052795069
0.4379085289352395
0.3888682847396661
0.1745420380466764
0.3167574058531795
0.2615384916917423
0.3583207512805794
0.3554941321361254
0.2065338787670199
0.3660174331962255
0.3949816816037281
0.2607126595775839
0.3821034021057634
0.2115416916575595
0.2777194989093620
0.1794581243649498
0.3113965945890222
0.2471808465228166
0.3398599722809470
0.4191798162143960
0.2563285091703123
0.3592552837585817
0.1880859786971417
0.2037804708204352
0.3806019363299229
0.2042946571749857
0.4251361691678692
0.2291876377355086
0.2285593364741263
0.3479898653032161
0.1800736451520383
0.2243895390638141
0.3300887722860341
0.2466708750095834
0.2203660992103939
0.3708286331592507
0.3148760254227809
0.1700488347119340
0.3897284298112261
0.1860486206094884
0.4071887827456330
0.3717162288052481
0.2505632742852272
0.5221032232472191
0.4182032257377188
0.5322217408737945
0.4069098332415396
0.2293741216119058
0.1470738595494333
0.2151129126518304
0.5310989008826463
0.2521803067437351
0.4010324937710669
0.3994806650224132
0.4054023255694912
0.2761150472381497
0.3364378484287806
0.3366297102616757
0.3261485849865358
0.3023406907531337
0.3766010007209841
0.2413827366063838
0.4116471907267399
0.2626842590971853
0.3261474093346824
0.5494718576177090
0.4844362834285720
0.2388569451308823
0.3401924381775088
0.2829152321306757
0.4490948211368554
0.4868314144822298
0.2891684161450797
0.3618704822989863
0.4925669444997078
0.3457246827756196
0.3883035238110042
0.2210697433748036
0.3287571422729580
0.2088449145942224
0.3843153096398391
0.3432812433012796
0.3810499965346009
0.4917425449914936
0.3128745477208513
0.4044798365209518
0.2745858718856750
0.2317339238394569
0.4802804639182635
0.2352572008252717
0.4463143548053148
0.3326596673601603
0.2499633164566358
0.4245344133267286
0.2062564006539835
0.2248626577033684
0.4425960265642045
0.2678974618577555
0.2878776984987036
0.4851064951315625
0.3681358798135030
0.2198311783848418
0.4905333979160344
0.1875999919214475
0.3758664450275223
0.2492652821392196
0.3808970560125806
0.5370982653145909
0.4465828068967554
0.4617483800098192
0.3928508105920824
0.1986380234268457
0.1913903773733413
0.3581348339007925
0.4854592798118064
0.3020394945314802
0.3799077272201367
0.3906063762410497
0.2258438753417792
0.2996052221341540
0.2549622286496417
0.4565364788696779
0.3936699356109550
0.4487510728989360
0.3619860448252614
0.2002005045444632
0.5133244207400811
0.1929748701540247
0.2631710297669779
0.4266238270304305
0.4826798443853420
0.4075081841396795
0.3255474318965632
0.1491485551774682
0.2717432085160253
0.5041525275063163
0.4771045448980371
0.2848023109752591
0.5309980585271938
0.3406930894916263
0.4156519190300668
0.1305607099631147
0.3553867651075112
0.0699407466322548
0.2414227928073430
0.4959628380688906
0.4562385689069154
0.4106793401291012
0.3749150354814163
0.3684856067583769
0.3129646330386353
0.0920421031396759
0.2679132718125602
0.3637144861654634
0.2938596575959975
0.4585598912806786
0.0857147218401251
0.3554106088334308
0.2680063011510959
0.2228406686933479
0.3975427468796215
0.1502549888882524
0.2240193039090321
0.4456917392347736
0.2430578786717203
0.3153025436391427
0.3660851926955137
0.2860304650042767
0.3546315306417808
0.3098763373249577
0.3124743890784246
0.5005192316121478
0.4032079247525889
0.5224387423148195
0.3045098286113203
0.1586541554051694
0.1644992937223799
0.2782200253146597
0.5010214181006836
0.1634289506640335
0.4097027241462685
0.2921708096297549
0.2956372496405721
0.2493566663508272
0.3444358847796298
0.3552686338950687
0.4062616247503428
0.3442991634851322
0.3438027813229445
0.2570473201313286
0.4236753825459463
0.2584386934585756
0.2811028098561166
0.5031885865678113
0.4992335049887089
0.2650142183498795
0.3448130283099697
0.2719723676242820
0.4030553741627069
0.3779172302242444
0.3142220305047017
0.3951742100028769
0.4716768437891133
0.3268949477720791
0.4535041502463066
0.2572770595634802
0.3172208252765337
0.1329706855081858
0.3432544760725341
0.3141974391761794
0.4375475086163464
0.4448106832259614
0.3176820591673838
0.3427159427761871
0.2424712643928232
0.1844162587408945
0.3954326442193232
0.2599043219378510
0.4392373298196319
0.3135606227517314
0.2486188806729133
0.3284222431862022
0.1799842305545409
0.2986493415195111
0.3497512425118017
0.2179386595213428
0.3183081972042991
0.3890121487017054
0.3078775938517109
0.2283455920635012
0.4691936977528971
0.2479443013592341
0.3608278647220310
0.2768021647343640
0.3709334991273925
0.5053167350423144
0.4424088232568965
0.4805041956447543
0.3174878964003512
0.1724541939366812
0.1820537848881240
0.3258092099025072
0.4729048799960070
0.2259937012190150
0.3927667405986760
0.3189583977147557
0.2408123509452537
0.2916789782117309
0.2740341335952683
0.4183791160153255
0.4018686181277025
0.4189949343583385
0.3236335924450576
0.2105257859256494
0.4811762626953898
0.2259855964125741
0.2487790641002853
0.4396284259520026
0.5101799931542511
0.3498827587703836
0.3283766882813639
0.2001433996837334
0.3349392515428578
0.4123348465564718
0.4154645833322671
0.3165343779291113
0.5043563476670533
0.3595781454094060
0.4352632612515003
0.2065510126872989
0.3414637616836907
0.0659087286316039
0.2756136042708421
0.4020523343810643
0.4578148872993910
0.4069426301233323
0.3569327916186257
0.3117992354517957
0.2947454054180437
0.1159920687829368
0.3131492609901648
0.3171257711471779
0.3310248535222915
0.4065685572771121
0.1664237209018651
0.3157320988071143
0.2181033816048919
0.2888523888971611
0.3428756603557286
0.1547639352674932
0.3007665128604702
0.3954047514471219
0.2327253823263917
0.2903085491676024
0.4149382839576239
0.2826603138755532
0.2215310417247742
0.1406263393825696
0.1838682374571851
0.2769281613443984
0.2257469056708043
0.2485347958895098
0.2236497969137495
0.0881650028299208
0.0553755210988292
0.1397096279483772
0.2697899137807962
0.1449786201946586
0.2185562611234450
0.1922966674566280
0.1460622541070118
0.1832937921375123
0.1519619794438471
0.2034366608303387
0.2293249111725215
0.2139346098228364
0.2444971630288692
0.1302742174475241
0.2308639470970242
0.1347841562730227
0.1929011702556218
0.2233244017944543
0.2630375389284966
0.1428118487476991
0.2234946345306392
0.1480925388923912
0.2052630443889549
0.2444317042068405
0.1732056354945357
0.2036437573663515
0.2858413559742897
0.2145761419216949
0.2576296112971361
0.1269839763108478
0.2208254127286365
0.0885298424211272
0.1582117121025290
0.1958142293429713
0.2351457035600349
0.2695531541054343
0.2022220240002859
0.2280685395216941
0.1620947052603463
0.1063856147234064
0.2136918915695249
0.1712509885973330
0.2242556953793645
0.2028723017599279
0.1192588948100076
0.2530511442290751
0.1665544880794721
0.1668975935413881
0.1974350374655371
0.1449701041722410
0.1296428174296923
0.2548516664966080
0.1528347427836684
0.1587382814311089
0.2117239489425548
0.1557251017932109
0.3867476235721978
0.3146169681407988
0.2962501318083323
0.5517045990461303
0.3831649550280208
0.5741088282501693
0.3742487846610068
0.1489774347045379
0.1417600809991587
0.2733014342158376
0.5733813106262629
0.1598718311729126
0.4529225395466155
0.3200906613446723
0.3311810648620120
0.2422444939587767
0.4272219870176743
0.3400701107454647
0.4697849439824269
0.3261760891764969
0.4561805913604214
0.3292729804270031
0.4071291828884180
0.2901868963800308
0.3698301971305362
0.5636753896452283
0.4994181099918042
0.2231465247005325
0.4178915444575256
0.3457664339743000
0.4498678423222733
0.4209164269110703
0.2593332374427966
0.5091717397285300
0.4972604483786728
0.3127189171707218
0.5270803410016099
0.2891851904365115
0.3497927771560442
0.2215630006928558
0.3985891859883406
0.2997788926737689
0.4591086493480697
0.5353563589409006
0.3252953552309383
0.4621533415111987
0.2149619588696190
0.2596624092812647
0.4702191197107339
0.2683100383525271
0.5756895857517159
0.2686425419609963
0.3033849528415489
0.4209327457583604
0.2210404961111410
0.3118639955939749
0.4002293198337578
0.3173767645285593
0.2855356533198691
0.4460862910533067
0.4083689683820609
0.2091580650788074
0.5006027041930924
0.2582314247401960
0.2482668645111250
0.1245520944080633
0.2262657810415986
0.2972419514362687
0.2546351890072187
0.2399258190500636
0.2564709903238608
0.0891928227187934
0.0474840615716661
0.1607469723407119
0.2783100146297474
0.1842829722345172
0.2316255429016674
0.2129857391125359
0.1253566307410723
0.2293872166053446
0.1308204227244604
0.2391758391177992
0.2605981069449425
0.2653386563949359
0.2817110462691559
0.1268535886910546
0.2620924917972179
0.1369376104233784
0.2146720208901769
0.1950460912785554
0.2863411994414076
0.1722094721419196
0.2566736583606694
0.1455276174891064
0.1979208642405725
0.2720139082466483
0.2104666876578220
0.2011140204615006
0.3271053427003446
0.2584045968819146
0.2884243421666472
0.1287088919224096
0.2669372270007965
0.0784773944006000
0.1376445570315399
0.2343176992506714
0.2638762570855715
0.2903294530851864
0.2422309467669472
0.2481489119665791
0.1983432424445225
0.0978859362151161
0.2040616893364582
0.2131540521702361
0.2102258256586908
0.2519618922723087
0.1071979029544572
0.2943198967470960
0.2174976199637071
0.1943289411760851
0.1997411668956138
0.1493842493343610
0.1232892883079809
0.2838018405651790
0.1310329654011450
0.2033571965483371
0.1944558850981642
0.1940590033064498
0.4529542262103294
0.2916203014843050
0.4065939109431106
0.6470467203624921
0.4893571109308664
0.5577539928617556
0.5122030671128450
0.2302147879975723
0.1997841848778351
0.3939309177770859
0.6037781780172863
0.3555195811271553
0.4551243835757857
0.4818124037036350
0.2954807213263039
0.3325961045362729
0.3451737553441141
0.5028722899488243
0.4737412044093151
0.4860059503180574
0.4928255957228062
0.2739083193977261
0.5667137981374747
0.2364819881546887
0.3650561407239430
0.5322432924639644
0.5370214919795174
0.4308546713019790
0.4142609051664062
0.2158331788586440
0.3390534143932241
0.6225724526548819
0.5000086768379876
0.3936986636678360
0.6189807416026033
0.3698646206737478
0.5063062260713923
0.1553329604042533
0.4222085586406613
0.1533459619831824
0.3152709736367424
0.5610339798399756
0.5191542765211837
0.5319377317685149
0.4256625546495285
0.5133234294110388
0.3364521456075875
0.1613631068850490
0.3622033386220090
0.4142147193060999
0.4258787483292245
0.4895331942444413
0.1269013518623499
0.4797085562992829
0.3354400362478361
0.2395346464152729
0.5035743077176760
0.2454221221274000
0.2169168913888277
0.5594177499053684
0.3572099155127010
0.3393112674574557
0.4342938672204354
0.3180148797581220
0.4208645427109249
0.2289387381433887
0.3754542248427493
0.6151044970226198
0.4115897896830878
0.5277956541227350
0.4980677711184063
0.1667708808592491
0.1508928685098896
0.3660981337559192
0.5909536569335905
0.2946240479282071
0.4470572533280103
0.4210604310972264
0.2464066335040767
0.2942115788631494
0.3757675469321713
0.4425885488976814
0.5160903219084898
0.4402047300840451
0.5497726719727132
0.3145364319095213
0.4919847237825308
0.2366855204425468
0.4033151307827202
0.4934188425792959
0.4803725679739068
0.3521887770117396
0.4512300384077750
0.2576981538859026
0.3226225601944795
0.5612046024652725
0.4020413739781132
0.4671995121758025
0.5749771186687161
0.3204625349564634
0.5495312653623444
0.1793906736348624
0.4175302172853762
0.1945822577217874
0.3060420798439262
0.4798495434696725
0.5031846458285466
0.5482501271843744
0.3970113059248658
0.5570548632026086
0.2699405593272444
0.1975918551413859
0.3579458465482518
0.3953543732222572
0.4994937925709056
0.3948831634488560
0.1595141377913930
0.4995675392466601
0.3490836758210424
0.2576659669832788
0.4586681460732399
0.3007864811384630
0.1599880350750741
0.5258221068221630
0.3822568763148392
0.2982287445578699
0.3921103228253876
0.3237503719800873
0.3584385680642366
0.2569167127760490
0.3664478205512161
0.5098943505734178
0.4346104923888034
0.4590848617538536
0.3484974655139749
0.1847331549973930
0.1861620404302964
0.3369193159677761
0.4670323156959759
0.2620189253956129
0.3745818525295858
0.3510801544635566
0.2277680146963166
0.2863553259053731
0.2560765396947671
0.4300122859216447
0.3835403973700425
0.4242692498935150
0.3305764964764693
0.1975107750542154
0.4886690528217751
0.2007656784480302
0.2458499466933896
0.4238542684694785
0.4823288263390133
0.3761390667850634
0.3136379050005916
0.1633175679786752
0.2902294328996598
0.4530541288021301
0.4426645684834490
0.2869888294385909
0.5049905797649353
0.3379564418541941
0.4091706339531753
0.1567438230106476
0.3368341729144866
0.0635584608405525
0.2499288888197596
0.4460754964905173
0.4445749349246141
0.3948974104420564
0.3563030667810759
0.3310443889349680
0.2973970248706818
0.0969530550398781
0.2780873750381978
0.3337562551813268
0.2980353100287523
0.4264272619589485
0.1148224743038772
0.3239461075019713
0.2357841583473671
0.2416754938904247
0.3655225812530483
0.1438151804969194
0.2527831805101171
0.4113842706867448
0.2316993736940881
0.2958308994456528
0.3790123773815809
0.2750729524882425
0.3924864613423589
0.3046782040956790
0.2673115198090411
0.4406278956398819
0.3919394176920853
0.4383757017265688
0.3548780888939401
0.1634916295104059
0.0686487818041118
0.1582992947277602
0.4528811695471074
0.2205315039718740
0.3758323056702008
0.3095980761266245
0.3269215983224942
0.3285607064621632
0.2597103816591060
0.2924154141246994
0.3444222537542780
0.3095038581374124
0.3867565460844309
0.2137044590590166
0.3487230634980795
0.2667008868909469
0.3350544279576086
0.4071578962306450
0.4699297388088914
0.1623167895808272
0.3784790984004376
0.3110549100587277
0.4453200410024182
0.3741238171582561
0.2121567027950526
0.3479767083851749
0.4693468765042266
0.4080609180573211
0.4147579803471323
0.2789942422824182
0.3710137018478707
0.1845093695890994
0.3234568378213161
0.2442555608752177
0.3639714878640239
0.4769193610602001
0.3239676838362330
0.3506821461357063
0.2826343630734615
0.2308062004195644
0.4607804639776494
0.2245632642838948
0.4110340594321522
0.3058292918324894
0.2912541390910750
0.4443083457019660
0.2471404175962139
0.3173200242978115
0.3222083908834585
0.2754526794812481
0.2902706648949041
0.4331160960370062
0.2694459805890898
0.2435326028322854
0.4201904687678144
0.2263674232312214
0.3319222716446507
0.2890493562648760
0.2287624675174723
0.3968928556403542
0.3719860141536258
0.3729269325390196
0.3270096138035442
0.2100230874367754
0.1241259156732712
0.1777470593171358
0.3782035208688716
0.2636053917378187
0.2890531798365134
0.3449140010388072
0.3016591620381212
0.2667997974214968
0.1801840273026388
0.3048620707789862
0.2110582963844960
0.2854564996605659
0.2515442234835570
0.1263945555264451
0.3624634929403948
0.1812369028790136
0.2182960132466340
0.3742101925050448
0.3928682303461294
0.2439613273933006
0.2358498792216603
0.1604329914711958
0.3159945182134640
0.4102548585070266
0.3006082731816861
0.1826671894373350
0.4090311181248943
0.3201849912860963
0.2542721326084783
0.1326713367849024
0.2744100173441751
0.1076363347214938
0.2502090223747329
0.3303166055544157
0.2916269860184337
0.3458354525434927
0.2728555856363426
0.2641494289591113
0.2763066962179231
0.1267157391627114
0.3290038447603915
0.2109564602162466
0.2323536049663462
0.3463513231195859
0.1358498914071852
0.3239961493866643
0.1830441222790059
0.1619486717490829
0.3413897862125039
0.1495163192129259
0.2305542164158382
0.3908691520734058
0.2116096614228871
0.2238060784268447
0.3483477609324047
0.1550108365733521
0.4906556864679661
0.4351448854010731
0.3173308538073917
0.5584615225158027
0.5188821171820599
0.5710751255528060
0.4368817995577391
0.2545919153135589
0.1294860421117705
0.2025964397346637
0.5670477836979991
0.2983088778369427
0.4585649037035250
0.4251329667082966
0.4600896731477945
0.3967370493879938
0.3156486677930376
0.3816313241297158
0.3657126827633853
0.3762532812549091
0.4126106134707324
0.2366287579161363
0.4652759157844608
0.3234617406235049
0.3719762173318989
0.5581709353238790
0.5991561535993710
0.2424794998163521
0.4126344929323295
0.3492319484323991
0.5615329200826940
0.5031170512917230
0.3121923790387435
0.3744197822643481
0.5832386024035195
0.5007250669883232
0.4511432247230704
0.3133073057289645
0.4255169534136424
0.2101532559943454
0.4217717604498171
0.3453593740320847
0.4366252643793465
0.5633220215643900
0.3905281970663707
0.3966513975000263
0.3710549461691806
0.2644665224585399
0.5777721446560429
0.2628329465225453
0.4628054377393964
0.4146379728139382
0.3345374222013456
0.5090740080815608
0.2604989287372148
0.3432016566939127
0.4424329855363605
0.2977713031906349
0.3938859170018676
0.5472666834819420
0.3388748655531249
0.2967504714435155
0.5601517098229679
0.2419761729319801
0.3819936905007396
0.2538974600478547
0.3187517569273575
0.4343701938487995
0.3962925960447951
0.4101502877711536
0.3333000800349811
0.1302711401079579
0.0643187871375240
0.1949549037146432
0.4326744880886113
0.2135624477056827
0.3771335093560658
0.2754956445070983
0.2534894397419079
0.3474660066536853
0.2349021381995624
0.3199500682077114
0.3917475997368243
0.3597878719753286
0.3960019438197998
0.2098579507261991
0.3672106370310798
0.2572521388869225
0.3268687912473806
0.3482181044794651
0.4780345220196017
0.1912377852152135
0.3976942371533980
0.2942214965354381
0.4044059732170243
0.3434534335581356
0.2455026716526653
0.3475257564622729
0.4809733893781066
0.4245782723942232
0.4534406998397864
0.2843739219097038
0.3951058411760195
0.1412410834827856
0.2771791604002221
0.2577868520452934
0.3978239863820577
0.4613474474107730
0.3497578088937336
0.3344920430948130
0.2915334998019533
0.1977548459745399
0.4030216346049464
0.2635821315469262
0.3825994466762880
0.3299010874704786
0.2697069632526091
0.4302588449475621
0.2752324226675125
0.3587380262203699
0.2767551207784160
0.2521553980494619
0.2835242524406109
0.4069060898408210
0.2179470481518885
0.2775081140142102
0.3798832671173368
0.2759652776277082
0.4236207573989074
0.2711987486519921
0.2838100360575636
0.4764615712209238
0.3854208771804326
0.4377975053072106
0.4301148509709201
0.1527307488255706
0.0400163893796469
0.1690732319621489
0.4887640611625975
0.2577578121188168
0.3963084698754991
0.3441972363835401
0.3122304790943809
0.3545107493929512
0.2784455372178915
0.3054217477000101
0.3991808240187436
0.3345060859250734
0.4892250817221284
0.2473694814712818
0.3520291361238164
0.2721210174226202
0.4048728623231331
0.3955410512861860
0.4628219841156937
0.1591233889053463
0.4431244824975932
0.3372742436652307
0.4385545335031030
0.4252701515470507
0.2054342031054415
0.4015908665194363
0.5068808967458850
0.4184580737477910
0.4711905889249793
0.2773537781380689
0.4231396018005795
0.2291760808892442
0.3190773887938170
0.2713237381766914
0.3860377785919221
0.5371940724029992
0.3543392260699341
0.4449798064475837
0.2874125740863699
0.2607272146247334
0.4739811742402967
0.2660779246450479
0.4653505664969018
0.3136484954863527
0.2912515206501566
0.5354874732291387
0.3225313575588070
0.3273091064946350
0.3502519663962181
0.3361279417640388
0.2327457374549502
0.4873558118114439
0.3050399388588705
0.2651019617057837
0.3939490916161066
0.2594625385319315
0.1965968246674966
0.1774443952216199
0.1620474294260371
0.2955424469905114
0.2297115647609441
0.2861277774470726
0.2064528423290717
0.1267620059282346
0.1204478328902325
0.1754999924714255
0.2814814766623738
0.1418913938762438
0.2072857170681829
0.2209960062228475
0.1768764553231715
0.1227341722974395
0.1771973761319473
0.2216929591914152
0.1816254894602992
0.1936814697857333
0.1725472203334797
0.1210104465728335
0.2620465044111680
0.1124851760208522
0.1354744748383473
0.2958782584273221
0.2539453119536274
0.1993168479760776
0.1503549556749860
0.0939325635247850
0.1777263646154560
0.2796968123342229
0.2305749975010375
0.1676702935176417
0.2650644849101739
0.1487988949165056
0.1976212210477495
0.0701684569257891
0.1536724960892664
0.0662441254105117
0.1757525903713638
0.2484876391286375
0.2251294133789488
0.2243803405414641
0.1703121968526532
0.2025011295130399
0.1437622679048151
0.0730642584656506
0.1843529871454000
0.1581521149405825
0.1939276982306158
0.2113731793728363
0.0670000063369259
0.1729393701747359
0.0979507983602860
0.0862715524965106
0.2464940874950043
0.0915972425647781
0.1361574456002971
0.2417107709331224
0.1813092078982353
0.1283968954340929
0.2422525991186824
0.1115197889229777
0.4201481974767352
0.3128423749054238
0.3371123498756894
0.5635954252215636
0.4551526633565650
0.5103952465831955
0.4474327363414976
0.2284844619837815
0.1710959980062393
0.3051873031790411
0.5361281415389695
0.3168433868709601
0.4072875785674042
0.4347852951436103
0.3236107195378104
0.3140343944782495
0.3002964694263869
0.4257417386643455
0.3808533464749678
0.4062677209184837
0.4103382665641534
0.2293602578027154
0.4912684333484331
0.2319397969816733
0.3225443577693798
0.4982227071485942
0.5002197121358098
0.3492982192440933
0.3588746179953365
0.2183623643491344
0.3628902497795795
0.5456610223759363
0.4134891390603730
0.3336876230264785
0.5490977633688250
0.3643436263105729
0.4233641384141437
0.1681349156331351
0.3734111091549230
0.1515306481559161
0.3154839694638984
0.4632786762393079
0.4397036131485950
0.4818116026930053
0.3713850643140455
0.4278344801937648
0.3175505682277849
0.1675522932052468
0.3836169526615915
0.3307975339668124
0.3806988632260268
0.4312054986336668
0.1580155700939622
0.4346559658704133
0.2749858066844788
0.2247692048095344
0.4524072293157988
0.2261010413871770
0.2432532085791085
0.5076758670337617
0.3204152427529572
0.2933040210063074
0.4300241673752340
0.2552887140446205
0.2369729111294717
0.0938321770858444
0.2690055071545382
0.3436723496004269
0.2590863620745781
0.2658847074752765
0.2684164669838368
0.0835313047900842
0.0909240384221598
0.2447635503136456
0.3081824079935456
0.1882449507850511
0.2475643953946589
0.2272110171837209
0.0790337100305106
0.2014118841266732
0.1637705657518090
0.2935367101995372
0.3133839208853327
0.3113675682787067
0.2991164940702321
0.1513813995159798
0.3153382231825536
0.1183178474403342
0.2055342723388220
0.2184083851213268
0.2891579603555307
0.2508529389455679
0.2575098633407251
0.1078009897745392
0.1388532103103250
0.3088416724458781
0.2902140640808513
0.2251095103338565
0.3474067093001747
0.2149646219016693
0.3231157911041748
0.0901313881531569
0.2616749893028786
0.0521978424885948
0.1203381155387998
0.3120888972659425
0.3131478398957696
0.2833729795346450
0.2579117776899392
0.2812820351021872
0.1862339250410951
0.0630943455679931
0.1400004138814692
0.2670364684080761
0.2149924120542780
0.2808548254884432
0.0494763531671101
0.2657095843003583
0.2257495408448297
0.1730836942605067
0.2261363244915477
0.1257980154723086
0.0925794623237496
0.2831420997699705
0.1478624710426955
0.2174416506759565
0.1824087659577057
0.2263354608752867
0.5147293894377679
0.3790713012499672
0.4597561067282616
0.6732975459655612
0.5787289947382602
0.6307779739725189
0.4836291122217922
0.2386822749124094
0.1952046122999727
0.3764156267949004
0.6446313476595781
0.3332577895475592
0.5257563120047598
0.4580906994312909
0.3644239820645579
0.4181342614906473
0.3652411886407574
0.5235689027610074
0.5235062050843624
0.5296426695525753
0.4948686687897830
0.2901765948819514
0.6033916042890257
0.3173732099169385
0.3925951411069076
0.5816145057661530
0.6658687183721759
0.4058688507176830
0.4768653842283662
0.3122412725150077
0.4882084223330143
0.5803351141476113
0.4882802932862902
0.4436232911012884
0.6828211976482564
0.5055636325977416
0.5830039796428864
0.2905194863991432
0.4880213287396457
0.1539475569049890
0.3887176351254020
0.5065175555392682
0.5809905660583812
0.5962291513001163
0.4786844480387851
0.4737405450779951
0.4007168401890837
0.2091687696246959
0.4848122599431506
0.4070118880779901
0.4855647005766422
0.5222736509946221
0.2602010569291520
0.5136983459857994
0.3339287431659976
0.3849228585937454
0.4803550978345666
0.2743180822397127
0.3732915402604509
0.5794294805929798
0.3450211885167472
0.3820103862475285
0.5509285772196568
0.3617718690924172
0.3757039092033618
0.2634997693105119
0.3836297775004092
0.5036529569575302
0.4392924162705937
0.4786131519714409
0.3223786547035485
0.1457718273294010
0.1487790093008644
0.3096910614855657
0.4804811480606721
0.2112940062814741
0.4116301871188139
0.2953419961009711
0.2305396172966105
0.3183781156497290
0.2827319913230016
0.4058363612946579
0.4449732555447863
0.4266820813871772
0.3717736903900829
0.2319997003573173
0.4634605148394718
0.2489698545883632
0.2883988909745129
0.4194832927429523
0.5241641639508250
0.3115208884320473
0.3790106851381432
0.2476661836093785
0.3662668446821715
0.3858042891432580
0.3742662168984431
0.3632473175449983
0.5174410039839215
0.3928132974481953
0.4871026738329644
0.2548161012461590
0.3786300154148319
0.0872922091915539
0.2825382887400909
0.3616554047309039
0.4739218753723429
0.4441144201392378
0.3737034620765790
0.3347375068373939
0.2961799801688359
0.1467981808559594
0.3448571525172404
0.3215337052742517
0.3776160755191068
0.3887643225812156
0.2147296905255347
0.3600900362705428
0.2497464986991053
0.3463362290020365
0.3175080898030285
0.1962798265763465
0.3086294172437334
0.4012233244670687
0.2338692913763815
0.3001503530197374
0.4163127533158166
0.3106801434294613
0.4115342146423958
0.2162445441335386
0.3544610516289295
0.5598088269377324
0.3940550408168275
0.4759601109022185
0.4704237979464605
0.1500864672305637
0.1099345699730267
0.3098200751518806
0.5417087203987642
0.2835361343747754
0.4203350720047584
0.3856317972469845
0.2365378075976358
0.3136979358417290
0.3279177915405990
0.4010922196835338
0.4833861413924181
0.4153466242511007
0.5305654790190834
0.2857717261516914
0.4444051878476549
0.2360964069130714
0.3974712168070623
0.4307297816952030
0.4617596056516722
0.2966698523092610
0.4471548441527424
0.2679514993036482
0.3319223394984515
0.5078755486235418
0.3455704154560526
0.4353686000012872
0.5476406870743653
0.3466328810595623
0.5244939312847013
0.1995025021562396
0.4207573317421371
0.1912842836387038
0.2850183212112406
0.4173919091221436
0.4650546945905238
0.5308493657418013
0.3850002688227305
0.5152633676857881
0.2731923564408429
0.2023666039883366
0.3645965971746820
0.3637894825483512
0.4679595926045148
0.3720344064931887
0.1824316196973902
0.5042536732243427
0.3503583906795155
0.2793236515731818
0.4069591407047841
0.3011978824039592
0.1650462057690112
0.5013729778287395
0.3367356774323406
0.2941876736665628
0.3641354340746242
0.3126517940172057
0.4444047309766876
0.2767666048689255
0.3523387818799561
0.5250460286514127
0.4489114238692948
0.4570772169899388
0.4525822205244222
0.1849585116131002
0.0907867531984321
0.2464676295769793
0.5076572144131964
0.3147603404544408
0.4114166095553405
0.3921314489464855
0.2939781524724730
0.3854786029526814
0.2579174059311899
0.3922349877900617
0.4167295832625887
0.4180305325620299
0.4736668681632714
0.2279823325693524
0.4435798546091341
0.2578336802785087
0.3783337840934471
0.4054763873969389
0.5082585747661296
0.2703271496094466
0.4321659648703391
0.2807149246054896
0.4017056596574347
0.4885595859060732
0.3339296477737083
0.3589817983141316
0.5619928808861322
0.4460795818227778
0.4758470109477301
0.2385718159734930
0.4438556567101365
0.1728297236212612
0.2942697927131001
0.3841811000429819
0.4372153430363747
0.5229530544553669
0.4004777537379698
0.4349149137604649
0.3401355777353552
0.2050735222991752
0.4221039437010136
0.3304779584168736
0.4014464599408747
0.4153805792522163
0.2253517601296468
0.5174359590486457
0.3426906619693907
0.3192831481653448
0.3834251831079420
0.2805844960592339
0.2467196623979770
0.5125757469353901
0.2746055512364351
0.3233728599816589
0.3953795857592872
0.2959532063189819
0.2295007669654140
0.1773570562409404
0.1873606705405598
0.2528950732733390
0.2638149710700245
0.2336255743993905
0.1977956976971789
0.1165892195292317
0.0629690126032741
0.1172665529122930
0.2385136930594853
0.1656878049676067
0.2034057914510395
0.1969684041021703
0.1720151836205943
0.2160175551975078
0.0987295547167940
0.2102471518204250
0.1737968232493963
0.2216283808184344
0.1778828878780218
0.0809114137675605
0.2444053668458559
0.1349750892699500
0.1529777608512273
0.2076639310965542
0.2890120415424252
0.1534639798256823
0.1878266492565302
0.1268202073894064
0.2253502453738103
0.2340180286723434
0.1957631358944322
0.1296711033378442
0.2881801292527035
0.2624858878858412
0.2067863875496361
0.1295998929749772
0.2172859294072819
0.0523082105622376
0.1517318249454151
0.1963934173807410
0.2171963412601680
0.2377028839216483
0.2069402536697593
0.1546579894764074
0.2043682404366037
0.0826795636125755
0.2199234344095057
0.1538751738240126
0.1500380865996960
0.2435594891131121
0.1178291285418191
0.2267374727700460
0.1446855725223164
0.1725620872097009
0.1831562003771131
0.1006290438442749
0.1818137790669324
0.2479052167307921
0.0998344142999477
0.1777035971065012
0.2257007664516792
0.1403014617605794
0.4661572808048884
0.3410799008681795
0.3937890591411391
0.6002493517597440
0.4984123418032357
0.5760069307887729
0.4364077396949365
0.1949704251282909
0.1489339938881384
0.3099960333859135
0.5913363913342923
0.2713370824256252
0.4845183437308426
0.3916584069907523
0.3400240167708547
0.3712888657944181
0.3568417400607232
0.4375857576543600
0.4912525726525638
0.4487386964141615
0.4801556631917270
0.2883371832622170
0.5074766182779693
0.3054941570653896
0.3867941025817891
0.5314336004341782
0.5937820623097524
0.3113251290982182
0.4596759239608341
0.3288950103469682
0.4739446275384205
0.4978819650532382
0.3769216076061227
0.4500155959467959
0.6052094871611904
0.4540091952934054
0.5536891294642815
0.2986788381324379
0.4473132311749458
0.1770826917721830
0.3743069864630966
0.4025422237734389
0.5180427289833086
0.5680004996745636
0.4217782858506644
0.4534844212728860
0.3385857518475719
0.2291763431170298
0.4788568362791829
0.3465069023692716
0.4989118120688440
0.4229119089022427
0.2841223102108809
0.4921653389647624
0.3050159596558061
0.3722372865197180
0.4223687530634981
0.2930988732237076
0.3361758054807437
0.5223741887853767
0.3397661998025088
0.3232459672505928
0.5086974670872849
0.3240833047068042
0.4461721612740642
0.2668947138470679
0.4416475031825410
0.6053052442364629
0.4948141887561481
0.5265631697635972
0.4498485990257321
0.1829825791321981
0.1653460051656796
0.3755385786588451
0.5653190005317342
0.3103821151217980
0.4607114922779810
0.4030232739147377
0.2478884117178491
0.3716190276901155
0.3127191864610708
0.4892833935469173
0.5109285785924328
0.5085518541569040
0.4842146233613138
0.2658808973511516
0.5467240729634607
0.2570881615374743
0.3612105516195749
0.4630079312859974
0.5653305229085313
0.3926325085442974
0.4459041108951296
0.2495421166446452
0.3633542524252555
0.5263833139741326
0.4647009395032276
0.4039248367865892
0.6155593223504947
0.4290448104144295
0.5505541653008013
0.2264357862280363
0.4533838301922489
0.1205512427496807
0.2934967641235143
0.4891611259496866
0.5379029723417953
0.5253998808497139
0.4433428831977376
0.4561074927273205
0.3480510463637897
0.1596352886900559
0.3616134996210421
0.4102334350483318
0.4181650065829579
0.4787504851912973
0.1802116530376019
0.4692182059551778
0.3443782281682709
0.3385687276557994
0.4136504157419705
0.2407296538265089
0.2674244317366263
0.5118472135217164
0.2884341971620196
0.3621253255438114
0.4244217798387337
0.3604455459125859
0.5720363461403528
0.4335138720890208
0.3893873330848064
0.6471132646916826
0.5820015676650362
0.6073985141871475
0.5548454326269409
0.2752134269818516
0.1206981117604133
0.2499483798248378
0.6428741145176403
0.3894106261268294
0.5156775347422552
0.5094513641887141
0.4690788881801493
0.4816020175733143
0.3315832223975741
0.4572428632762680
0.4503543891758822
0.4688994991154918
0.5400912968737189
0.2701122774207771
0.5376014015009842
0.3479271611425211
0.4606886965828495
0.5725164724378163
0.6579247796500534
0.2969398394368216
0.5080122334208870
0.3795258951246621
0.5845249280071366
0.6127304114358109
0.3775778680738489
0.4266921654482637
0.6903038953248761
0.5783356465827489
0.5407481049082988
0.3241505754707184
0.5286510236594860
0.2438026031376493
0.4303101089766371
0.4390186791223403
0.5083325394781654
0.6596642493938835
0.4751787695559399
0.5082954856752612
0.4365657035705583
0.2902568830123444
0.6144584861939173
0.3508992489009952
0.5119368471930397
0.5030411229933908
0.3355503301784857
0.6408648150916528
0.3738983675464179
0.3859202756066217
0.5067073007634462
0.3574723106257941
0.3742605278570078
0.6546126045904834
0.3706466943693686
0.3739693850668269
0.5680438928167980
0.3121800336880514
0.4957721400470819
0.3689484032133361
0.4072340416487908
0.6378920706432694
0.5267517556943215
0.6133533352101853
0.4700776168399566
0.2145130809917486
0.1593374778790388
0.3230203216075442
0.6297862447993802
0.2931924217958987
0.5111226695020130
0.4253509647490298
0.3727998812750668
0.3894007843826866
0.3806177349955953
0.4601108482604659
0.5093872604913190
0.4668544230130440
0.5075833736019825
0.3046000133566323
0.5354598810885181
0.3225902624519110
0.4108763860285092
0.5725826298169244
0.6247207184036538
0.3278287875266289
0.4816135571887649
0.3472564351448298
0.5048235537309709
0.5382570759306170
0.3966949188442392
0.4732466227513670
0.6393683698275278
0.4756808133079368
0.5762695692071090
0.3096591295456297
0.4689268370083576
0.1953089014420112
0.4024223865748179
0.4294117281297156
0.5411420964272837
0.6033305960836165
0.4421264184102149
0.4855787965649109
0.3576746237183442
0.2466995743784638
0.5142398230150712
0.3618306270233361
0.5299152792484585
0.4462841244097477
0.2990457900605563
0.5249668363670094
0.3198676660636248
0.3811587014262562
0.4588866156467629
0.3134417840581061
0.3522411473337651
0.5604029625541133
0.3694881259775311
0.3369365246299046
0.5426801322852822
0.3331982333672402
0.4545381501270876
0.3919631406974746
0.3294631770364106
0.6277148476612407
0.4754561619637762
0.6329137981741703
0.4553477088234797
0.2332027463519792
0.1886600799586712
0.3081490876058478
0.6320591709176846
0.2612192168124141
0.4837927133766745
0.4348284290618486
0.4133477902444753
0.2977046533468627
0.4236599123561283
0.4173061186706595
0.4463999512486306
0.3833064020468572
0.4594914291917719
0.3120429283012405
0.5001451371311284
0.3009759554996246
0.3783724313064096
0.6387781860639447
0.5667211206516869
0.3109757936906662
0.4144020447701388
0.3234545787261474
0.4856685282663293
0.5488730523556389
0.3664071645129868
0.4675165115602407
0.5778825658203610
0.3722818004715455
0.5070478957664076
0.2594666460665604
0.3835924675675992
0.2219216844646199
0.4320901732967891
0.4177114792146588
0.4888863288398818
0.5698086814847042
0.3739076447432654
0.4881077656116399
0.2951114776642332
0.2521064180998685
0.5116468718776495
0.3087470694656840
0.5460903687781403
0.3813290052157844
0.2750509131015211
0.4666173421309546
0.2452179136191935
0.2826623215365402
0.4993557461027295
0.3045096182999312
0.3212951256965211
0.5389664535952722
0.4320339150791451
0.2611603828667797
0.5585102214412863
0.2579790259188943
0.3658654008508455
0.2757188694746837
0.2602840524753959
0.4724734850093999
0.3523555234669813
0.4691921192983327
0.3637784220082376
0.1456064731495261
0.0948911001000396
0.2074108642190619
0.4869157121000268
0.1902873699867222
0.3856341377800923
0.3088003601248954
0.3010191407334671
0.2619332585422528
0.3263669348284623
0.2976488578493887
0.3866879019101849
0.2973834485282639
0.4173596850486089
0.2609468488072343
0.3521724596247875
0.2531232345345861
0.3428483779667040
0.4518212822100162
0.4383452392862424
0.1842591696781275
0.3792081059731793
0.3023482683045202
0.4020891096606193
0.3926481355945857
0.2222224501706555
0.4083694542045699
0.4546430651975146
0.3228271086925513
0.4437964583823566
0.2488837904484185
0.3404688831679518
0.2018271574869297
0.3316747121943153
0.2696831493817190
0.3834188189603344
0.4813983457025517
0.3043009259161122
0.4083845450054498
0.2266889586402105
0.2318659287661981
0.4271503890759962
0.2406221103061690
0.4693166764696012
0.2676068658977681
0.2628782038758217
0.4219644416146472
0.2348870380037756
0.2772573053813873
0.3517468163023741
0.2884543781586017
0.2392984242227734
0.4239908156446895
0.3307299100766538
0.2108776734672582
0.4151534392964243
0.2274931984330373
0.4415909283713049
0.3997391206598034
0.3087716671534378
0.6276797694693443
0.4794413203073407
0.6136533423999661
0.4752638912847911
0.2790089518180342
0.2246262805819604
0.3231753207649303
0.6137717144633006
0.3134110394241246
0.4456527791845858
0.4903390080386044
0.4245520395831724
0.2743561933149339
0.3885009540701221
0.4376464695593243
0.3713806308621050
0.3772713163548270
0.4047760902077123
0.2686900873279839
0.5238790223957942
0.2577077162716758
0.3307160683794506
0.6443823641271494
0.5332690564971481
0.3690213929037126
0.3438847961523235
0.2428540765272744
0.4249799123304193
0.6107987589314126
0.4302596639895423
0.3795664519327020
0.5654332469070532
0.3318593913034233
0.4190016658733118
0.1696465702367227
0.3419300416137297
0.1961422730265459
0.4051582408868818
0.4931637992354967
0.4535516102323430
0.5185282977893676
0.3561822939646884
0.4686063720485922
0.3053633977714616
0.2042943775547275
0.4579802245720836
0.3113537699683645
0.4579972718751810
0.4227271128558179
0.1854813328311433
0.4288936102988292
0.2243951460406935
0.1837372532136758
0.5442241944411254
0.2483642224300746
0.2829891166761080
0.5491876419556125
0.4223356136265399
0.2580697756830765
0.5313348641439036
0.2162396426954684
0.2116570565562785
0.1981195383035447
0.1875224101607061
0.2736991863806191
0.2601647827279059
0.2863591140872694
0.1632630997716474
0.1108562158448285
0.0990325835968193
0.1488328463567564
0.2664454840623509
0.1154448353794183
0.2249044399522618
0.1753636996162382
0.1821336452767027
0.1706737297617912
0.1570277568361116
0.2144618987685674
0.1986483431306298
0.2105215887924414
0.1572104535878900
0.1124236396828757
0.2572293264977543
0.1463218684110041
0.1362908886196677
0.2723160660553453
0.3047619365988207
0.1658674469415849
0.1766914086506110
0.1377360443918097
0.2393194851427853
0.2159899039958071
0.2033122352972158
0.1737254743007151
0.2775202628683237
0.2237652407721594
0.2280039626699143
0.1454187480377964
0.1851823021288491
0.0493131924761603
0.1869845622470990
0.1895004174667577
0.2420171398576864
0.2347045212585764
0.1907813991221263
0.1505044957493891
0.1725744970783275
0.0863102345311264
0.2257018568833230
0.1446586996100711
0.1965651669744122
0.2157015782765554
0.1353063567597957
0.1757756787510476
0.0965292193314044
0.1752880491575279
0.1923456429629594
0.0939518781476792
0.2131398415309561
0.2227638862426880
0.1369625394480324
0.1504326797802185
0.2728440504500991
0.1368046301705087
0.2348914415534807
0.1084738187319754
0.2459951901120114
0.3425865501579134
0.2521350678536683
0.2716039256790215
0.2741195537004330
0.0959893427533465
0.0949706724002345
0.2325913139533063
0.3110203988924319
0.1904769327819245
0.2412473532095568
0.2397173668755896
0.1020063313848140
0.1871342080780086
0.1705296368022841
0.2819132664336881
0.2896819018512252
0.2890294577650097
0.2896016496731335
0.1497542459458837
0.3065537177085589
0.1158330091767743
0.2024411861522358
0.2376588561920188
0.2780726442935700
0.2430062576647724
0.2423449845719407
0.1054687281371041
0.1437495374747522
0.3205627029603598
0.2801325033489883
0.2186582003400965
0.3369723535888893
0.1989749215919241
0.3005249895892383
0.0786709715709764
0.2453541161757904
0.0651187010867116
0.1324818561132621
0.3101744672171308
0.2956607129200374
0.2811399756555538
0.2433306008217926
0.2845674313636424
0.1785172832399791
0.0698564088517586
0.1516571003798481
0.2512901732579896
0.2179690739764778
0.2699489192611721
0.0477609446215432
0.2630507963010357
0.2112331072473885
0.1471864114073007
0.2431639299151599
0.1285067173931196
0.0877203900146590
0.2884309282009289
0.1655598446532115
0.2011064119029817
0.1908466205937172
0.2034630570593236
0.4222976379457416
0.3280260144699003
0.3090902281693312
0.5985945417162550
0.4356237777215062
0.5539578074800566
0.4812653434588418
0.2389412328088164
0.1860357335574380
0.3155740682666360
0.5814975350499619
0.3110074231373566
0.4224585852119903
0.4639263785724169
0.3570478184142751
0.2732779715592827
0.3622205945819499
0.4186236420386502
0.3914887272960519
0.3775043331371140
0.4436341637171053
0.2683593640852738
0.4883604272562475
0.2361899122071751
0.3479228384560316
0.5661147803532063
0.4852113084625393
0.3459377868751831
0.3640661938132892
0.2341298955254655
0.3710326077643272
0.5871423034503177
0.4008394584424705
0.3841824060076403
0.5469647586570570
0.3140123985780069
0.4332795862767120
0.1539822826404885
0.3550409733478910
0.1974764629883651
0.3543768743141799
0.4762468545141929
0.4406424281795845
0.5112248354322861
0.3542797176335489
0.4900629872981522
0.2849599559459011
0.1972235570782924
0.4102600489169860
0.3257098404094517
0.4482280130082025
0.3999269327586503
0.1616825170836418
0.4504301252921851
0.2650989106660829
0.1852100628172128
0.5058384245690501
0.2616590983154968
0.2164390773063724
0.5327846257051965
0.3971958015790046
0.2607445081784739
0.4565736228840095
0.2349125224465332
0.2175457980007275
0.1673092052064452
0.1496063205650592
0.2584440356352565
0.2118293444377395
0.2600546391530539
0.2022625426714134
0.0852692092400399
0.0425882726282796
0.0993350147918303
0.2683980270033453
0.1123154148444442
0.2195142947434502
0.1713874929537943
0.1812673351361777
0.1706863417261940
0.1691088646663481
0.1640577097436847
0.2113756466844344
0.1707929211163097
0.2317608364767282
0.1377433821599218
0.1957142896107600
0.1526189955447689
0.1968469199818946
0.2448921895745476
0.2617195130647625
0.0908083999504534
0.2207574576522913
0.1829349201295890
0.2496361093464884
0.2120974157826505
0.1153036773064307
0.2214954897047015
0.2631740972221064
0.2129491008755462
0.2495739927994029
0.1593344348220248
0.2054781621049024
0.1134037087311942
0.1905709409720805
0.1369826982187545
0.2135143897073383
0.2773130895645790
0.1792787665235432
0.2159725735587349
0.1446366598105634
0.1373357845628846
0.2608035551114177
0.1293469765830832
0.2580243527688930
0.1585887584384997
0.1679144135118509
0.2502478780207039
0.1374348433714420
0.1777337507243051
0.1879743288438661
0.1659277258399675
0.1562179308245817
0.2433683631352415
0.1718073172954374
0.1285050864931939
0.2420041549791928
0.1305003539969877
0.3716547257850752
0.2733685033451268
0.2984992248812186
0.4526361322755487
0.3859168210795286
0.4449303967363676
0.3325236760961295
0.1411951334721047
0.0904761050233150
0.2088060227081187
0.4562591508409835
0.1971334638834223
0.3829738642222473
0.2861458958812265
0.2773837553980960
0.3064624342647037
0.2763418127123571
0.3172800587262680
0.3864451188227253
0.3364814034894129
0.3856673556786958
0.2286519270370295
0.3709335461880702
0.2564006304143438
0.3193045484106213
0.4038631857969524
0.4708957127706432
0.1997950760774994
0.3788709451107616
0.2918156111713371
0.4060343978816106
0.3597763747353011
0.2489584901600332
0.3673910943557400
0.4692213023722535
0.3805516077481222
0.4449421182338370
0.2705102452030041
0.3633812978598733
0.1549682699531599
0.3046356331995859
0.2672120230407105
0.3969935777146660
0.4605021215246815
0.3291614300975791
0.3494735389827429
0.2657585152066062
0.2041946036081152
0.4100972681051884
0.2520045857093980
0.4120761532025236
0.3089931356485260
0.2656121197033925
0.4061580979914750
0.2427241024361582
0.3248502762654214
0.3083879752640023
0.2532127002097856
0.2816604096122295
0.4060047858208319
0.2620666054503521
0.2488213943879533
0.4071476523365792
0.2538573752362674
0.2235424004553491
0.1868945848605352
0.2172843428888097
0.3044830323847819
0.2762393665437866
0.2978644104585363
0.1898759471215953
0.1151474431020005
0.1126854574732420
0.1864739395814985
0.2872211574905918
0.1389296898606126
0.2383578879453695
0.1983891288222850
0.1667032045418301
0.1803954242014808
0.1643303920208639
0.2496837810541157
0.2280571298091872
0.2465144992941752
0.1831006099494943
0.1217711808872378
0.2912929857110567
0.1421821726370118
0.1465061644760269
0.2781193483218761
0.3167946997889841
0.2068309555061681
0.1917390677708297
0.1253017696960452
0.2201023707839280
0.2511121966008887
0.2479316327271517
0.1831444593842573
0.3054824007925407
0.2265766114097047
0.2516860541152730
0.1304745078308975
0.2033395610891525
0.0423659020418995
0.1783654853589633
0.2379639151310730
0.2707673966678978
0.2466678904403187
0.2134727612027481
0.1782982082290130
0.1850235249057008
0.0748507446421121
0.2066249328531299
0.1810329642092262
0.1976473821463400
0.2482058105265587
0.1106544516218621
0.1896452843031844
0.1218754876110158
0.1739888265252139
0.2128175096650038
0.0921662889618228
0.1986831808310832
0.2431109094691980
0.1425448273346162
0.1731511397662552
0.2667686711085738
0.1608579626167736
0.2690971293711892
0.2002010697673677
0.2843439240419883
0.3659954152991529
0.3257611582854623
0.3579236642201643
0.2162047094754908
0.1050553896647146
0.1175645473448501
0.2312467688335071
0.3495109659798167
0.1402349738585770
0.3037463259464428
0.2037006850264123
0.1690838213193173
0.2276729840656562
0.2105374398342029
0.2983124463660224
0.3261393584733126
0.3124410886944063
0.2538256613508442
0.1690325540935923
0.3430544373944884
0.1853700378120184
0.1981668011478962
0.3145158287107396
0.3925421699095629
0.2311693961418803
0.2697096589915128
0.1811914352150907
0.2736933867106786
0.2672237213950283
0.2778416757246409
0.2653018830878004
0.3745813663023896
0.2873522303572019
0.3566188061277526
0.1949010365374987
0.2690393260313641
0.0529289249162329
0.2113541475296848
0.2579387476305013
0.3517758863450541
0.3162983556924554
0.2705883160058594
0.2264116872613427
0.2148550360585418
0.1024806620697608
0.2513026870275147
0.2301823537312798
0.2741539044786026
0.2824790282491920
0.1632846704654438
0.2423474150325798
0.1664737066691966
0.2615879479580577
0.2242259071773198
0.1324493046233896
0.2449388011203349
0.2800784740825109
0.1657328227182708
0.2169046438458968
0.3164884604302851
0.2273978826517074
0.3446767474413456
0.3028318424823754
0.2352382989576353
0.4541404569589626
0.3710497436798276
0.4399769852790639
0.3574530069868609
0.2090623593948269
0.1457919767426386
0.2156590056360210
0.4444224203892297
0.2474938656587574
0.3307121320104884
0.3636526334377968
0.3226656648442422
0.2399223768189415
0.2613722976748040
0.3208177919476032
0.2689341925817649
0.2884104866674439
0.3055376339134173
0.1850960667600932
0.3834815312975740
0.2010420153664804
0.2557996725723932
0.4524914255025108
0.4099141690301772
0.2565639861241499
0.2696715889344357
0.1942834804648957
0.3380721308900692
0.4456223498473449
0.3062745996923472
0.2675979116817132
0.4313206306668731
0.2899671700261947
0.3117004827710780
0.1463635579218537
0.2785408988260929
0.1463095910937035
0.2968807649601595
0.3502079962304051
0.3318175340342877
0.3947315306977034
0.2783957345300833
0.3358314118790657
0.2516229165366798
0.1592808643541266
0.3607279849992006
0.2285728558905349
0.3267808119569777
0.3277566338839785
0.1576553140234438
0.3452119208822931
0.1852978304187582
0.1638741599214076
0.3889722495891332
0.1918511155218451
0.2265403869663442
0.4178616080050236
0.2897608015448856
0.2094260931068751
0.3926240669465457
0.1675602409240949
0.2834769056092624
0.2321323397727346
0.2299440065197826
0.4534922770742103
0.3013254017607663
0.4363809687710941
0.3250983927737806
0.1588387470836017
0.1649383097593585
0.2693271361874759
0.4431872435985224
0.1843022704778734
0.3204890580080397
0.3165288844509637
0.2432917823111754
0.1518432106062707
0.3122795341114974
0.3120244734477082
0.3172343658836578
0.2709756909158968
0.3165405375321605
0.2255649334350948
0.3656722509786979
0.1705927489896414
0.2401706690176000
0.4518486501459971
0.3512514323571426
0.2709951898810847
0.2575411865241789
0.1678570463306353
0.2545007745953800
0.4142831067735451
0.3050316059186936
0.3202753671257343
0.3855752011293151
0.1789275186748800
0.3392360912061453
0.1104864615362464
0.2303158077031499
0.1371915987325635
0.2711114382870195
0.3517171669264940
0.3445943159020094
0.3641888025475911
0.2439882167069057
0.3648377532142226
0.1710826387072934
0.1375462837563498
0.2776760814619862
0.2413480599669272
0.3623146604117098
0.2654906915187669
0.1126883357045887
0.2829610748156965
0.1621145603628023
0.1281913862305659
0.3727117107700807
0.1827059676776914
0.1583473866311710
0.3616776299100729
0.3185377154510463
0.1675600669133367
0.3494701881240412
0.1755854739390427
0.6507803665631561
0.4770347634206598
0.5369367281543438
0.8540124073930641
0.6962699901900967
0.7990984765353902
0.6472806677721443
0.3041866082173045
0.2298635831244115
0.4494551994722010
0.8299633634865540
0.4244568678810484
0.6584104402072766
0.5997243916200091
0.4847411087218698
0.5031403731777149
0.4882411384587908
0.6294971514085275
0.6495001948994003
0.6260919692303033
0.6621407949547505
0.3866489767990951
0.7280755512443747
0.3987668420911417
0.5274651287428777
0.7551359354895443
0.8038509922663610
0.4764204867919747
0.6093989593356334
0.4114171163756863
0.6195694878155777
0.7587792995581218
0.5702149417464553
0.5877490984856812
0.8470033557483276
0.6017609586060853
0.7277923538412130
0.3519070362061787
0.6061317404970898
0.2462700023082250
0.5093105859647894
0.6256954700785123
0.7060293841646057
0.7769648204821410
0.5826664133002802
0.6520632780786131
0.4775197426813165
0.2978287392990409
0.6385915303493686
0.4963564619433731
0.6584707848396673
0.6188845917481459
0.3344114879668960
0.6853199023229682
0.4283726961662612
0.4477102851348032
0.6372920660085717
0.3894964075580317
0.4261196877120764
0.7545474860984799
0.4881305399869075
0.4508078970973299
0.6905155989879108
0.4293155098139139
0.5330020870764723
0.4112020821215869
0.4308397011844879
0.7446768907261727
0.5820265149222522
0.6852945879399532
0.5739088137490186
0.2983460376229899
0.2437804105497134
0.4158133745387474
0.7104837006728906
0.3947529562004580
0.5330192935343870
0.5650000397915508
0.4237497698960431
0.3755309796695808
0.4193108245799098
0.5557049134789441
0.4991161850930942
0.5175492989257093
0.5240799659056991
0.3123343765248500
0.6442227708334336
0.2976105307842530
0.4090185246370719
0.6808196940058229
0.6439924208346101
0.4668872307199251
0.4525109006583001
0.2767354840856177
0.4624455487034227
0.7142984237030958
0.5467136718012711
0.4489806846377231
0.7038645945261155
0.4376552788155623
0.5494514793472517
0.2069003341657929
0.4614529551313049
0.1981359042843448
0.4222401619654683
0.6117286902882090
0.5765952673470949
0.6196797385092613
0.4690838882232796
0.5631159554562520
0.3912812066093675
0.2149446902826023
0.4900991495943600
0.4272431027809591
0.5119267496152006
0.5463045954999621
0.1961619813831640
0.5385546958858455
0.3339774292017550
0.2709759956890923
0.6034799541699093
0.2881147817153678
0.3125017896368446
0.6509765371326743
0.4416339548528413
0.3628199915129876
0.5720544138925264
0.3225704412467737
0.3022056352735716
0.2746102827611017
0.2792029324474419
0.4368138747340099
0.3782700687887841
0.4276374205120758
0.2792062766255010
0.1866323099972370
0.1846242666570450
0.2717641521676042
0.4092613341656902
0.2086339934619423
0.3200577466261701
0.3099611366922284
0.2536588322900186
0.2176679552499775
0.2409119258417714
0.3528586418054089
0.2837237613203820
0.3249038010650973
0.2333438456593999
0.1650457551707083
0.4155568841679300
0.1799180692636324
0.1854988024738332
0.4238849088859851
0.4205520128924163
0.3142103542082560
0.2299442778814622
0.1422301942462806
0.2833129326898275
0.3903197231417481
0.3701238488781060
0.2337267420942464
0.4144366272972308
0.2717382113483998
0.3099301583230721
0.1350656613700031
0.2491704219322409
0.0626800434740229
0.2551117291357603
0.3687562924393320
0.3603245319812248
0.3266540120384825
0.2777936108791703
0.2571538531213847
0.2458935606681914
0.0924150985096567
0.2734999490101044
0.2465866151793502
0.2613141552360855
0.3487157118928650
0.1152675267743771
0.2420426370366725
0.1460039606481874
0.1785861360643350
0.3380162719230868
0.1117782544580601
0.2543659249673564
0.3475322508579683
0.2260222725142066
0.2219120559834460
0.3754000649808442
0.1925145524570499
0.3326882867030785
0.2953329836800255
0.2314542147770422
0.3936610607529085
0.3651733640812425
0.3953043726523593
0.2996884433135469
0.1819681005755185
0.1083121270030338
0.1647546045930941
0.3906854561984919
0.2143882574565405
0.3133031310593040
0.3016333772739603
0.3049657482944176
0.2669628536431938
0.2135523669861491
0.2835441246162682
0.2513148423542836
0.2750623091226267
0.2704315024290167
0.1567431731729733
0.3420679296194611
0.2114387571561324
0.2393734355432203
0.3873302735538686
0.4139510194960142
0.2006220190042437
0.2697750763676052
0.2148577271160232
0.3629327052899413
0.3603497961101317
0.2517255248658616
0.2421286167531020
0.4060685386191220
0.3344926279695233
0.3033773474620922
0.1942048779677446
0.2855712587217532
0.1249807449159705
0.2790225688992771
0.2701236769591170
0.3096749519070815
0.3725051864650297
0.2725836960850621
0.2663774945845220
0.2596085461035617
0.1599962737996445
0.3699829404259696
0.1956045109811600
0.2957846255524202
0.3060709308346503
0.2011464934656389
0.3301655622819900
0.1752473756492515
0.2207625887223090
0.3128220530640475
0.1818135002787754
0.2665901511283109
0.3739656590293191
0.2259392786762036
0.2120109666783059
0.3798466198766823
0.1705322920078286
0.3203002630164194
0.2152231061566604
0.2115751725199155
0.3640322870021874
0.3040470421264189
0.3252035959957195
0.3364174098052058
0.1422082451263732
0.0498524739230584
0.1371455230208909
0.3629401426914985
0.2260633590886533
0.2849643576880779
0.2912496660447757
0.2458498180279374
0.2662174662905136
0.1898749106055095
0.2477663334211771
0.2661730251398780
0.2582171897095636
0.3416138780450315
0.1630899834865476
0.2858756506050061
0.1880074014659040
0.2826826345109247
0.3034175599003833
0.3440887134611993
0.1543371127370442
0.3028865206474505
0.2166227416453871
0.3086279150197777
0.3551864746427997
0.1945861069928115
0.2570760491785664
0.3852183093961381
0.3089718771246465
0.3153352095045748
0.1701599251740163
0.3058418856262817
0.1569573338852321
0.2298427720198299
0.2470659560389563
0.2797923881550353
0.3837022007749776
0.2660155073869057
0.3229680955353440
0.2320127170120195
0.1725993499847535
0.3366476189170024
0.2059862762064393
0.3047058149593441
0.2682556036457684
0.1791146546691963
0.3892347901789889
0.2362500078731967
0.2062218729161300
0.2880528255801358
0.2243006872117049
0.1671932061113166
0.3780508363916204
0.2213316770747586
0.2065805343551464
0.2905117469296803
0.1798365377081052
0.5121939448643726
0.4157290150992700
0.4126865646617200
0.7128295453323928
0.5549373772412635
0.6949983288707503
0.5119757243014281
0.2590388774883833
0.2227473173451707
0.3829067695411212
0.7004012014109819
0.3154319986181970
0.5427783039901770
0.4915473653349977
0.4233192597826916
0.3557974712355550
0.4483018859378834
0.5074065693786254
0.5203111173780576
0.4791333562280462
0.5135071028935670
0.3358607402070807
0.5967411463762604
0.3249575547318297
0.4112774021463877
0.6845261378133106
0.6491842503600234
0.3974306075435163
0.4672120519352429
0.3318138720002311
0.5093970897340810
0.6254656384557821
0.4677711932698597
0.5006513491092102
0.6702570959913164
0.4356582229302701
0.5800949382841072
0.2748460911375403
0.4486568842913062
0.2103345269610543
0.4498150787131610
0.5135003864830173
0.5742522427682141
0.6244281975885327
0.4458452493863827
0.5354872239159459
0.3552080583277872
0.2472191745353723
0.5273911624673756
0.3846863890744688
0.5690110312275811
0.4749580440141354
0.2714306891964487
0.5145163666784113
0.2981148469700516
0.3278455797885911
0.5499747824082193
0.3110948393081999
0.3558404371745539
0.6028892501909023
0.4461084044754158
0.3290859443409218
0.6009649960604272
0.3211733230396108
0.4123417663877633
0.3090116387503866
0.3539392246314872
0.6012957232748027
0.4355041549849080
0.5810408916334788
0.4233773294274815
0.1833264734431008
0.1802028877590248
0.3416982642179192
0.5934948002594423
0.2349076549449547
0.4613947072828610
0.3848960900576067
0.3130880311654781
0.2749703781069842
0.4026904251130173
0.4206931111256715
0.4821988639623709
0.4032404119393646
0.4640073215270045
0.3108291046727934
0.4887507018608290
0.2693184225692449
0.3597968827229164
0.5638741329395589
0.5264567426288806
0.3268278144161408
0.4137529240375546
0.2876569435659374
0.4023926768357498
0.5046600189127465
0.3781269707630711
0.4663701539006222
0.5529386012300758
0.3335734190127875
0.5266864657759298
0.2350095613171169
0.3766215764291467
0.1825917700520845
0.3674138611173283
0.4196148705342831
0.4985148545809981
0.5306821665885476
0.3706229613528777
0.4783821855511288
0.2656550269702205
0.2113368176623358
0.4185293260869314
0.3361208466514528
0.5150601795367350
0.3677394727906964
0.2269541336739523
0.4297831850349409
0.2604981008810422
0.2860847562082060
0.4455643485001577
0.2775474175510381
0.2685193247272707
0.4881727683816318
0.3882219608364205
0.2661976793548142
0.4836122193399117
0.2898441353754567
0.2579513489684159
0.2240158542324587
0.1918837084211846
0.3181882796985556
0.2734632726862276
0.3378435199251305
0.2158830720772581
0.1090242218547524
0.0758918261071941
0.1365362645903664
0.3289279825360573
0.1182509618631440
0.2743032262603033
0.1965284865522043
0.2276762525591002
0.1988415056551872
0.2143707598815966
0.2108981246403606
0.2559742687262853
0.2134704683708670
0.2460631449347513
0.1652550639964547
0.2559643932264885
0.1908820469582050
0.2136420056638768
0.3218595210714406
0.3401787121504574
0.1285295519824878
0.2511044577440461
0.2171400543251270
0.3139853961471591
0.2432120460082843
0.1613622228987870
0.2644463945073974
0.3189927485027116
0.2594937987640245
0.3009518126657124
0.2033606324624846
0.2348565929683675
0.1159440634798498
0.2432598909763632
0.1686132762680055
0.2725956655656233
0.3219705643494254
0.2159015770004392
0.2306028951477089
0.1778008567223647
0.1547784369951556
0.3153529778782291
0.1524314834821821
0.3063953537390825
0.1996734550934327
0.2092517193294482
0.2646950459029351
0.1364157742767816
0.2248225712442066
0.2246779750361313
0.1771152811370559
0.2275279252073157
0.2780275159541695
0.2027276798253975
0.1546718662577449
0.3219308476138077
0.1580428134695766
0.2297240965648041
0.1999468161650770
0.2168832036556468
0.3529009077735161
0.2739545810910582
0.3521316575449808
0.2179686719517850
0.1226877796678737
0.1393715017835984
0.2222331644905176
0.3401660226894875
0.1327372307231378
0.2658615474506716
0.2239493675438282
0.1866280370040525
0.1490999704934503
0.2289229249649175
0.2659269425076782
0.2622545095834770
0.2454224924331542
0.2169487835413157
0.1643730621662946
0.3126565094482122
0.1499558862148437
0.1678529335020887
0.3479477816998260
0.3229118609743108
0.2284714631715174
0.2049489433093198
0.1378510831232968
0.2258725781979155
0.2922290005237888
0.2641973169352858
0.2394964029199294
0.3196512328017687
0.1887421323648885
0.2825416226207567
0.1235769288410179
0.1956700341371312
0.0705936516266897
0.2136216361201552
0.2686778428262234
0.2973313866498360
0.2769489912280935
0.2124012237288582
0.2354994356318082
0.1629835926910406
0.0931748844122708
0.2221372836710253
0.1951351961526081
0.2623256904241896
0.2374673455910531
0.1111896323998747
0.1972853092056413
0.1168982588170769
0.1540476928769883
0.2623997898197535
0.1168091070094687
0.1868892445451287
0.2661254848843012
0.2092096118347821
0.1575652387824354
0.2995871772783026
0.1617757165109996
0.3447872054144034
0.1959387865412254
0.3492969873765310
0.4416494695160321
0.3806909265868223
0.3867033391409634
0.3221144723804827
0.1180537047214588
0.1003978558376020
0.2661946088025356
0.4159164976131079
0.2192932357372267
0.3566305192083025
0.2735265921137217
0.1756152072113934
0.3104081312105019
0.2231676162243652
0.3607167476000173
0.4072042307357666
0.3948495974984693
0.3763583868307607
0.2010449398171882
0.4011754959359242
0.2116569700474790
0.2853267957838027
0.3197620149713472
0.4464350937307718
0.2686817740192505
0.3645382855419363
0.2181789604065750
0.3013147094351515
0.3579932320729755
0.3245494604185288
0.3185724124805339
0.4714188560167118
0.3651742502070061
0.4444577199142390
0.2147498096231958
0.3689096945774746
0.0877394615737876
0.2193012964752425
0.3303259181434270
0.4159631981671597
0.4090549250664874
0.3488047273636939
0.3287322717941862
0.2743868893115876
0.1322693955905715
0.2915095983090409
0.3076097300281448
0.3250159422319795
0.3569883646840491
0.1749036562111961
0.3702697868659600
0.2745476441750054
0.3114887874935610
0.2744988428413270
0.1944297315254148
0.2287932203149040
0.3767715997575842
0.1919975734588548
0.2876394024495818
0.3221044408927341
0.2943014098656700
0.4290366484656327
0.3941655802303832
0.2614847604685140
0.5787287404997452
0.4475807225051966
0.5683106680654980
0.4667500226591094
0.2756062191689295
0.1896707578830787
0.2616492969547350
0.5738091873802975
0.3105927577753951
0.4115827312034154
0.4774313727063059
0.4343552374898645
0.2711375566366981
0.3546850515293567
0.3866854611099827
0.3182101785307075
0.3286649063567924
0.3881295406510839
0.2442360453543213
0.4683484440968613
0.2489108731483095
0.3276451750377450
0.6052125874668878
0.4931216774493446
0.3114039504169177
0.3256118932381249
0.2454039410740313
0.4266797126972324
0.5842167110931398
0.3676378991492301
0.3469766571846313
0.5278462699172516
0.3271452014312904
0.3720399026555935
0.1646459018370810
0.3266628618307634
0.2128960763714201
0.3942095768005611
0.4413130754406007
0.3974919428868168
0.5021694639269915
0.3277905710722536
0.4484966034735742
0.2942020928477876
0.2161608085023568
0.4691404980467878
0.2701196592120410
0.4356470941681502
0.3871101170160551
0.1943887202662253
0.4370116204077696
0.2170804165169510
0.1641448646393822
0.5215674136593006
0.2566084849742674
0.2636529278086575
0.5369940006802707
0.4069296424892402
0.2344351043463423
0.5041293573279231
0.1808026491758309
