0.3674556402111186
0.2705912027727182
0.1153971440559333
0.1863524091326225
0.4400941847789283
0.2928961161210464
0.1902660829498208
0.3111170677755288
0.3586450220838916
0.3083373175094973
0.0804953429859906
0.1171993912896714
0.2677906507901788
0.3601075010838701
0.3205110615418445
0.1978402956381214
0.1572440454512740
0.2909731021564376
0.3273099312328482
0.3338848316956401
0.3553168776783875
0.2709868298630083
0.2737444277523158
0.2854591143581319
0.2437481030306100
0.2548609609611892
0.2450648761547096
0.2040251936243820
0.2243700894084535
0.3604005974564113
0.3002195962714014
0.3932171072867357
0.3071524054127623
0.1312407802717858
0.2265072110614856
0.3461867874321483
0.3910430073472111
0.3671455532639715
0.2202735745587334
0.3734643893756099
0.1883578601133911
0.3097535620908524
0.1101130960005849
0.2139268907573941
0.3660263807100441
0.2306152250684828
0.1541921529671947
0.1854163850414467
0.3025401385940401
0.2569176813624762
0.3396084749565975
0.2968212262596890
0.2041418958280576
0.2040759763010829
0.2803634013129249
0.2993695674674589
0.2956032063577665
0.1865089527935959
0.4110632358971912
0.4005457825749369
0.1489281014026940
0.3846015928629698
0.1463871816062992
0.3549893197354554
0.5657881449409573
0.4255742331198795
0.2355214523139978
0.4496869950852233
0.6861446941738909
0.3744846745426274
0.4644060558642376
0.5196119653773141
0.5278707395473370
0.4563676306205042
0.1094138685588728
0.2373010680361706
0.3024296461555626
0.5023970152034077
0.5102867104279114
0.3661283699389418
0.2666689841954626
0.4191881795422358
0.4933328668962515
0.4450235851584956
0.5163357434245417
0.4345241966676679
0.3735562217262103
0.4970751164112522
0.3573192655776362
0.4214082237320154
0.3951486999273757
0.3353998704307229
0.4977441915717978
0.5783147926195311
0.4981915500402389
0.5722593984579268
0.4327753820420910
0.2895916774930435
0.4069828957039113
0.4860358646249551
0.5924657226590825
0.5880981319746624
0.4031575416868010
0.5525333650793167
0.2684812845293183
0.5032048023922651
0.2085030776739095
0.5064045191369769
0.5473689096584800
0.4491500621277964
0.3675057523491199
0.4435577161509801
0.5403805132701283
0.5251491838556316
0.5032255409013316
0.4501963039222180
0.3560977755485250
0.3822003179952014
0.4506044153842367
0.3956420433322740
0.4834955451057201
0.3990383510979712
0.6485284992288320
0.6226222457283247
0.2638720051514601
0.5596265018253643
0.3254409628876155
0.5241394204824876
0.3696521829835345
0.2518672383377015
0.1758711190896311
0.3838941042961359
0.4903983223802288
0.1833330017163824
0.3697054726002287
0.4043024555632934
0.3795214284602624
0.3504815854021819
0.0948801103187973
0.2186221144552122
0.1148875115292109
0.3542681678813802
0.3505928495689726
0.2090934889609377
0.1979924573444522
0.2133051789403234
0.3392565869342868
0.2676927225915472
0.3156759956411764
0.2667730656493312
0.2547890312566076
0.3576814627550612
0.2880035554935942
0.2280708017274102
0.2224074490154334
0.2383756790441020
0.4013031240312929
0.3792412110937745
0.2940348280737566
0.3405764464162608
0.2720687701799391
0.2883262681017446
0.2640971743173601
0.3353557339230709
0.4160392887029107
0.4375581604366575
0.2750176288844614
0.3578856084783311
0.1730443779551366
0.3890497547384676
0.1222763135207224
0.3962299351074535
0.3283984143539787
0.3812330510759084
0.3301610856832115
0.3982501720760426
0.4272665195553051
0.4187521774940066
0.3738207615033911
0.2529431281522423
0.2680626574521320
0.3582245767229719
0.3281444147872827
0.1987995964884630
0.3480395020971518
0.3079222671809010
0.4981669770972387
0.4384488186084939
0.2354885546543503
0.3605656628781532
0.2369149548467900
0.2984536500286040
0.2896487156912681
0.1853071183544766
0.1246666742244012
0.2720058498596037
0.4032963174671143
0.1498745525197110
0.2476064484052216
0.3280360251966417
0.3259886607020241
0.3088654936672192
0.0896236231099202
0.1752195055948097
0.1035266656429657
0.3117712895669306
0.2793327433586801
0.1281004824316346
0.1566706587555093
0.1551104358287331
0.2782715856437867
0.2287182057252625
0.2517145079926899
0.1948704659056216
0.2246540308874768
0.2761974832703910
0.2557522000246789
0.1479612134843319
0.1528762030928131
0.1861037378957096
0.2838843421183982
0.2935885076992793
0.2051932116038394
0.2705177457525813
0.2247037837265604
0.2304103375161535
0.1849868898208901
0.2917549716038876
0.3448462022641473
0.3581239158868820
0.1986739089248250
0.2938960638633619
0.1437366995518760
0.3219968008245271
0.0741468200433301
0.2636917310971101
0.2569061499457403
0.2988211459803866
0.2435914725141871
0.2922346858124867
0.3384649166513786
0.3083530039188914
0.3245574876502274
0.1899707796601114
0.2111942090470086
0.3021821200488357
0.2645889254695720
0.1599137189244484
0.2729058855884146
0.2136958177877151
0.4198282698939160
0.3590597479200978
0.1986011688377582
0.2989197970658017
0.1539354427156273
0.2303179578255516
0.5988286051429184
0.4449839529901801
0.2446005441709347
0.5278777099486871
0.6983309619118249
0.4030741553117221
0.5267196934618359
0.5414331592077257
0.5036461053756039
0.4179640745791326
0.1267100254840405
0.2635747956435432
0.2568694007928272
0.5244133912156510
0.4726804189643610
0.3549799785594976
0.3015400644531195
0.3874077936708725
0.4917957554111729
0.4818655392034883
0.5022781502828614
0.4644944285743887
0.4065517095055329
0.4556525102966606
0.3862190131927078
0.4583803385533744
0.4307983340446608
0.3548512890581244
0.5719764325355786
0.5315041885035524
0.4915475684811428
0.5547004509804077
0.4662069895261056
0.3920050448348496
0.4312296917522907
0.4789023931366647
0.5873300351441858
0.6062487940774427
0.3659169054511408
0.4760782271687527
0.3099524344839418
0.5368585511381605
0.2272671195302399
0.6089141644088059
0.5094211006760015
0.4572678895484468
0.4252170831082283
0.5227040238912140
0.5611136100297864
0.5800939538709496
0.5027222006802206
0.4087357504865287
0.3404630003137777
0.3900114885904948
0.4440438738467539
0.3749965047526384
0.5151067108526987
0.4509041824125146
0.6229815737479911
0.6114787931382325
0.2853639062960990
0.5181890419193179
0.3544964017526020
0.4729901477521548
0.3331777782506196
0.2640811339988403
0.1525817862552034
0.2871937838009801
0.3760159559229448
0.2142321819549519
0.3157319587311941
0.2891211606548880
0.2767500546611523
0.2274297712204719
0.0433494829618272
0.1288562232310111
0.1713925714971039
0.2508817863970375
0.2985358290282946
0.2633904405745679
0.1486064324724697
0.2715362985868471
0.2777131821286088
0.2377814668765670
0.3056105376509340
0.2733722424641675
0.1856678805158820
0.2991254648491162
0.1694745001354220
0.2852495714289775
0.2576973314789036
0.1974080166940818
0.3197310548533504
0.3500001468991359
0.3279070590748916
0.3366794208629020
0.2405931035103741
0.1480366391648718
0.2630058203476670
0.2520486579595556
0.3265629602286984
0.3241337511543185
0.2607542276016335
0.3183241601505603
0.1437215227074495
0.2677014268768873
0.1489495865744450
0.3431946121605445
0.3281564882049852
0.2600322863806403
0.2239658448267652
0.2722440202114840
0.3071684875038124
0.3235475668250164
0.2531839868687843
0.2793768584745324
0.2073848441219019
0.1898269096299806
0.2580601799693262
0.2345673056901565
0.2845818277058627
0.2641006157354706
0.3451794751645984
0.3469032639143225
0.1312850402862683
0.3140950083720672
0.2290527055729273
0.3202505732340107
0.4651888907924313
0.4012863070200733
0.1668920226628098
0.3390411856500950
0.6497821934698793
0.4096174724575202
0.3057366678695106
0.3998154452759061
0.4670375921870789
0.4031262107961067
0.1212214066528394
0.1941188017858609
0.2983805624202335
0.5171313185846756
0.3813803313840491
0.2171751052377094
0.2928874175278834
0.2794021590170035
0.3808078984888965
0.4698786292096714
0.3762592357020346
0.3482052207045948
0.4135013141269203
0.3669992049501233
0.3391050309663247
0.3620531094604973
0.3541717479992395
0.2557771913172140
0.3650734592450181
0.4311748329518055
0.3644832447657635
0.5041251780212634
0.4012158735188711
0.3270334119175317
0.3545661435388809
0.4413408358569888
0.4970791503427846
0.5028163035760139
0.2642023526514036
0.3970834877088114
0.3124118918329472
0.4901511520485654
0.1461130162615837
0.3587624927414406
0.4587329582874511
0.3029333611624190
0.2802099332878835
0.3266147730800733
0.4515610297954005
0.4153104098877227
0.5203128769444760
0.4033969766731960
0.2769373737738275
0.3506821111992881
0.3147272285704268
0.3545962503729155
0.3307627925100266
0.2373823605356047
0.5299642844412858
0.5456848223774118
0.2633101539636218
0.4816138536503169
0.1614251995551639
0.4313412016982073
0.4000081771677059
0.3415811929429839
0.2178573530803793
0.4337214765185026
0.5461892050324008
0.2313046014803374
0.4481141545970148
0.3957631927236198
0.3941349406936578
0.3520641966546183
0.0646170723077559
0.2118071661820140
0.1713440831880466
0.3463529809620922
0.4056678912098493
0.3151848286223063
0.2320894289399731
0.2827389552534316
0.3442029047052598
0.2818581580130169
0.3429737318553818
0.3214398613784631
0.2503967881610162
0.4392560478015790
0.2398217959830048
0.3353088800599670
0.3088409486482638
0.2486513307026012
0.4567969610693380
0.4696272067167593
0.4004235384328660
0.4233200420384098
0.2784142443782632
0.2677317639675278
0.3606363562393016
0.3326936294122810
0.4358168074101062
0.4527848100479713
0.3648561781012712
0.4151631280091855
0.1903308561017054
0.4073876572788305
0.1762470887696979
0.4665016955807312
0.4254734393108696
0.3902233543596610
0.3544958220168958
0.4172761007160456
0.4636559783554667
0.4782115331059547
0.3963357760218653
0.3784926025307228
0.3102412632995173
0.3552925993847993
0.3316758278045498
0.2601674775923036
0.3356173470109744
0.3372314364375922
0.5067256775799448
0.4899127999821437
0.2320063803876092
0.4213144266187615
0.2813290792720721
0.4087678530996542
0.2694821780151972
0.1873836810395952
0.1441369356061511
0.2722794726666302
0.3180230801346952
0.1102721586976505
0.2985985169749053
0.2815903439559315
0.2566424340638653
0.2320679182533402
0.0372794390356677
0.1368436918799509
0.1019310634371936
0.1958101407662858
0.2856847188710590
0.2273289047640842
0.1086960472817745
0.2209955175417855
0.2520193605350118
0.1497469160530758
0.2628987216118542
0.2113812378803967
0.1266129938773049
0.2970200517811218
0.1552985863068284
0.1941528616804780
0.1752992385056031
0.1757943487419802
0.2962650215407557
0.3242902811841363
0.2705983807804799
0.2634679373860518
0.1744895369321397
0.1239188231058799
0.2059827515503414
0.2176179030287997
0.2934856679386841
0.2946079542459830
0.2561044712235404
0.3100081611187794
0.0829439824627590
0.2313992577764546
0.1156795752472202
0.3017545787097416
0.2719386748132100
0.2842229839587612
0.2250573693843172
0.2724070457332685
0.2936825196512913
0.3001622165191229
0.2162584165325137
0.2184720809712183
0.2055372610778449
0.2132347054626396
0.2543129993698087
0.1640332958235008
0.2640996203758377
0.2522235615733305
0.3471177975516405
0.3083634655707715
0.1293859977439627
0.2733710150764810
0.2210968243587857
0.2633007258624584
0.3181787822356813
0.3246882019108471
0.1375937630433237
0.2770810159722603
0.4934893978674519
0.3003307901774728
0.2552705349811857
0.2652733174493050
0.3302686837510640
0.2854234558654781
0.0725812321826760
0.1422025951759224
0.2137274280557982
0.3618530653027943
0.2790214907606263
0.1809401659409189
0.2401403175213183
0.1878321616329421
0.2457808483929910
0.3292091857874912
0.2382139376377769
0.2523466879170397
0.2932121963305098
0.2939796484572947
0.2139129832877651
0.2945890578409501
0.2825846851051917
0.1720559168804296
0.2888523863090756
0.3287277853100846
0.2850688548914263
0.3778173342297231
0.2684513196583434
0.2544610798046965
0.3003871894141616
0.2973820778924556
0.3446139616214158
0.3565573769138094
0.2194597194436155
0.2779869138163796
0.2355155401785703
0.3688892140174947
0.1198859176986438
0.2876867960241289
0.3540799100581597
0.2142621870503835
0.2236317211884550
0.2517491957512522
0.3437441034156470
0.3312225081302328
0.3938139331823796
0.3416595054803884
0.2159781769050625
0.2719362621620169
0.2005244405245346
0.2560258936317730
0.1954108100704955
0.1651087070200969
0.3710074406480803
0.4060531317119801
0.2014753111106354
0.3549621214497538
0.1149294937058215
0.3384612016047913
0.4888210082011251
0.3737179536349374
0.1981919858015503
0.3096619983803134
0.5968559799133725
0.3328970214360267
0.3450139824329143
0.4375459277625803
0.4917339434163895
0.4334219792412213
0.0784901182776275
0.1731123733887252
0.3407026605111800
0.4298825262725071
0.4929190692898041
0.3514411119615917
0.2000941584260989
0.4317575553326587
0.4497095285888727
0.3797475773084925
0.4946860263835458
0.3751073240988435
0.3068090226954585
0.4762534310070754
0.2862111727642532
0.3619866977310045
0.3361480061918411
0.2845154955687162
0.3624199839651217
0.5663425766204750
0.4678139354419848
0.5449931353007177
0.3701844864077055
0.1391782914209460
0.3443390171997696
0.4454807803307088
0.5369692643172532
0.5038091960186216
0.3941651763231928
0.5737277099415309
0.2060939614652778
0.4069517534461885
0.1766096545961264
0.3486912154215085
0.5382702696626588
0.3765678047110727
0.2539366630857949
0.2996585740143213
0.4487708732696989
0.4031872364332351
0.4407456465819057
0.4526775800666100
0.3254948853071615
0.3045622321760807
0.4102016030578927
0.3967744797352818
0.4094538679564246
0.3058768630571249
0.5916712940365665
0.5651802024146578
0.1996422017185694
0.5466452195270352
0.2656904769474739
0.5329371125326475
0.2729764532897578
0.2258969038524979
0.1023678884891891
0.2037042765161170
0.3344096455602776
0.2227565670620850
0.2027975863845373
0.2242860084132294
0.2382187923994961
0.1950019927275078
0.0555105126058754
0.1012673488625773
0.1623829363172017
0.2566558490702338
0.2160796573987569
0.1600026757920259
0.1466314981372456
0.1886282294470020
0.2185826069854167
0.2471657668832521
0.2308236059859391
0.2146271584389176
0.2043806267889875
0.2057466033469687
0.1684072701634913
0.2264150612977362
0.2131906699882963
0.1520208270458846
0.2254045501582068
0.2493855474119011
0.2318935209434425
0.2808846716951542
0.2233626218188226
0.1582373823746678
0.2057168680303654
0.2286789370751044
0.2696319581811204
0.2700726867877603
0.1629424038450260
0.2255296396817902
0.1589010535347033
0.2469122943908982
0.1021666245169116
0.2374278139621410
0.2576890920609851
0.1741327593300204
0.1606525046654415
0.1932710397906321
0.2419673478948781
0.2396489314924976
0.2485295334528468
0.2219099784184775
0.1508046020103264
0.1615340144203221
0.1859934103175588
0.2023500964717879
0.2086444264626060
0.1680973297940086
0.2753178823694459
0.2886447558950256
0.1237021954747959
0.2576021682779301
0.1304441792991960
0.2456336186244255
0.2593058821386691
0.1646620740704590
0.1233964542844566
0.2442734970654337
0.2496432969747845
0.1140436652193528
0.2746076810511228
0.2482493167179116
0.1978427231575194
0.1633462933697271
0.0326897571436597
0.1115190062809534
0.0868154638108289
0.1601973053606521
0.2315927461393307
0.2118717112323537
0.0841958592741210
0.2143296214696754
0.2280244415916007
0.1437724156357834
0.2497764349050131
0.2085295056503224
0.1079900547657565
0.2272634721834373
0.1340793350725740
0.1935515384553745
0.1718501680821368
0.1651867943662000
0.2725653048342796
0.2632500335896585
0.2467430555788812
0.2244183492902781
0.1728851846533788
0.1067023094512457
0.1776868345060857
0.1808441056641255
0.2481434092364216
0.2487566980076682
0.2052238027044282
0.2470053077343264
0.0764044299360710
0.1825285423584743
0.1162742756535400
0.2968916835015133
0.2215916689306891
0.2366655537175713
0.1939983746317556
0.2446720068171880
0.2369392449942478
0.2597010580851154
0.1508433768043836
0.1644867820979468
0.1585684394344562
0.1424006291188670
0.2262456272019465
0.1492918989482135
0.2618285559181910
0.2496488820144768
0.2706527387853658
0.2453131332028219
0.0917967936750496
0.2151862674521012
0.2197258933638418
0.2124968222485621
0.3256216940484617
0.3200506351911367
0.1146067745925598
0.2296961687896235
0.4494146473154112
0.3350866407082395
0.2125666446666958
0.2369816390045536
0.2948998999762588
0.2363433309202216
0.0716529584485002
0.1108501457684800
0.2369907461770255
0.3521307901534578
0.2418693538481135
0.1710509758361993
0.2213520106930887
0.2047456260125013
0.2384128277835430
0.3518603810743707
0.2482015045266542
0.2616369877582156
0.2956726596223037
0.2348357704253145
0.2027604258427445
0.3077483719984820
0.2930750796675034
0.1666301019432381
0.2496067555318437
0.2883715412160745
0.2764447547802777
0.3703112436363780
0.2876168741221652
0.2241084985436948
0.2794485069705121
0.2853699406209852
0.3207203954453662
0.3243696700533080
0.1750245548388700
0.2425031402083619
0.2426891679270949
0.3312736664685987
0.1217190623734978
0.2621929799078366
0.3326626147801229
0.1601698151713711
0.1763835110587798
0.2027709307032906
0.2902344643035108
0.2823359983199810
0.3513298650080367
0.3147882620860323
0.1749019074484666
0.1991122438897909
0.1813794411298811
0.2723607172210290
0.1979397496412059
0.1500466460412655
0.3123899189812287
0.3655311602010006
0.1645932047083900
0.3269174366312882
0.1031208248600490
0.3185918872957879
0.4619003015663607
0.3383850506169869
0.1773598804706120
0.3580446423242489
0.4629694103798999
0.3219598190721373
0.3868242800418780
0.3758545462818368
0.3337414890209707
0.2531901275148053
0.0727696462854780
0.1570449167567395
0.2258464259037695
0.3447678690067220
0.3442617781420449
0.3142037986920200
0.1893137834727394
0.3533951553549677
0.3682352498535617
0.3548849247301245
0.4110299872394985
0.3744339909357973
0.2697119481641322
0.3167526260194421
0.2439789062616910
0.3828861294159597
0.3486719383603003
0.2662047197240819
0.4063870955116088
0.3986699804446457
0.4056485841982494
0.4240545412072041
0.3546960203385769
0.2148290456621769
0.3209009897614894
0.3315958658537738
0.4157174558778370
0.4138630005941130
0.2761199984929946
0.3591188057001417
0.2133000354625670
0.3381918610821257
0.1946822402159875
0.4552301385810149
0.3887750228951500
0.3027047197143150
0.2728875840638461
0.3446715418760409
0.3662925070974053
0.3965860835328393
0.3030720381799927
0.3095381429622037
0.2280025914974529
0.1968387713622073
0.3286875805109279
0.3113978644732102
0.4003517333623878
0.3510335501132192
0.4058413977327679
0.4186796756823640
0.1544766840970616
0.3728064489466730
0.2945013320124150
0.3713870587259870
0.6202855725989601
0.5391310211129631
0.2780405113013475
0.5320938398433668
0.8230626637672752
0.4618647387581751
0.5420065973842295
0.5475087764024453
0.5935781404806009
0.5107623462356523
0.1120835878543838
0.2649199697091066
0.3602316189717259
0.5791697292405716
0.5697183205777537
0.4246467199454205
0.3527121465220442
0.4470488018176798
0.5159316959968848
0.5212785586601836
0.5346302178914397
0.4931169973281763
0.4430235263936739
0.5821551187958122
0.3744456601300659
0.5258341425853402
0.4909013707570086
0.3581865776776047
0.5761198304621910
0.6628358594262709
0.5815067227730418
0.6755977014678137
0.4780780141299718
0.3641782468067377
0.5189425180540580
0.5335706808317161
0.6532089938852277
0.6578951425354737
0.4713016994037627
0.5992884413941674
0.3399827279622868
0.6012488243410902
0.2484969983785469
0.5882831627181122
0.6509400202086237
0.4776715699547170
0.4278328773439614
0.5021023654530222
0.6273915938571618
0.6209448326325977
0.6133661075246245
0.5808310774121465
0.4140855439742794
0.4531262532376601
0.4608381279557723
0.4608450387373008
0.4765911295301648
0.4177746590202692
0.7113781297982894
0.7240895844831088
0.3178934354402373
0.6470154803008976
0.3378937114585944
0.6286714374467535
0.4032920353917936
0.3776508478804513
0.1488713528360670
0.2894541510312901
0.5109137054261500
0.3825251020803199
0.2885290547800720
0.2943491206535581
0.3396921353101756
0.2654869503249342
0.0737986844387131
0.1296494239820281
0.2774609789697413
0.3882177398208486
0.3044710933559279
0.2466518476877010
0.2419246160363025
0.2828426225025382
0.2996028145949198
0.3973669012525427
0.3255469875800486
0.3306808871194486
0.3217938417552533
0.2941782119286058
0.2255139760726224
0.3825329398060316
0.3571034151428390
0.2118231804155437
0.3210346406908208
0.3651435189462728
0.3609263356371427
0.4430813147551650
0.3400824570070794
0.2359269336232069
0.3373683537224895
0.3293379764605417
0.3839833258419026
0.3837495763832975
0.2350562012290144
0.3113428485947237
0.2657859068528579
0.3697913286220147
0.1638056532090663
0.3470581896246211
0.4037887278998555
0.2105704282891553
0.2181174974816273
0.2568384499172889
0.3436904427528650
0.3475553276135626
0.3802538486089955
0.3731641696776360
0.2131952567127883
0.2132799884131681
0.2389830233840864
0.3285965211010561
0.2688591089708078
0.2197742366056106
0.3695016464905443
0.4279034182184183
0.1757664479598095
0.3875012893182720
0.1691926657563129
0.3905137384797746
0.4174197699381300
0.3721504155012722
0.2070699260511479
0.3862855546697201
0.5771073249734339
0.2889154910940548
0.4003784982616311
0.3847321605680138
0.4206981679065597
0.3715862039666318
0.0677840568241661
0.1919017499800479
0.2390431358808987
0.3837994201917756
0.4189979231431821
0.3157298849442629
0.2420675668873788
0.3129485079722422
0.3565720956471122
0.3298819588720221
0.3669908766344852
0.3346270083266186
0.2846558631031018
0.4424785200596083
0.2458790207977302
0.3584607833663578
0.3322048533787264
0.2469283226251887
0.4145176633817894
0.4896933289033548
0.4171257166987171
0.4704283046806354
0.3075466186740801
0.2407177114876590
0.3701618568350621
0.3637109876523449
0.4565752537492258
0.4601734458493095
0.3632622537127487
0.4440517884995838
0.2159306741212547
0.4176914881631935
0.1751652032787829
0.4164907026460375
0.4668991153675992
0.3576953712147297
0.3133515825384528
0.3634687703017546
0.4537907553950402
0.4492344827840484
0.4290465751211961
0.4236086156474772
0.3095264815402995
0.3385726702190496
0.3285011381230617
0.3110129426421313
0.3238587345872703
0.2985955226849801
0.5151000937466803
0.5151155026392293
0.2266759557504508
0.4619385937584221
0.2484688805492785
0.4548039409193459
0.3579608360563620
0.2184276234953542
0.0781819187647755
0.1808924197627299
0.3902683990741562
0.2933680654469364
0.1502094794434310
0.3068907194751256
0.3102785306252530
0.2556671306770303
0.1132431809843325
0.1250733715766758
0.2014352542030738
0.3764326738717019
0.2276517035933979
0.0973686067660588
0.1557947624379478
0.2079331179271057
0.3042544289168568
0.3574029610223176
0.3101272672266640
0.2464256188797624
0.3031085009696866
0.1660323886522496
0.2884873284523470
0.2051267875834286
0.2095708616165397
0.1982611241135091
0.2117695638277606
0.2341053518229662
0.2039383092845184
0.3117700309007156
0.3259823592267582
0.2127270502095259
0.1656191131483811
0.3305101922975986
0.3520624581213631
0.3469176353099881
0.1023927919663733
0.2479905198541530
0.2122499158034800
0.3060900398297431
0.0801364928657391
0.2143969945299353
0.2541491430051267
0.1949725023699384
0.1538966644393976
0.1997716892210180
0.2640983388717364
0.2272804747060010
0.3103517395830250
0.1676005879647130
0.1414757551667732
0.1842414715642170
0.2488474434465776
0.2410161173167121
0.3064524121844756
0.1792334640096649
0.3515238791595875
0.3334452948368847
0.1541952318159255
0.2932748480205719
0.1137884664081617
0.2249379561397750
0.3208455295258411
0.2335422119789686
0.1346066456803120
0.3052646995473086
0.3871953294958685
0.2058880701601873
0.2956145106635307
0.3046361121341968
0.2777221069883360
0.2355602299577790
0.0759794137591376
0.1574423809119302
0.1167124473609879
0.2924461513080304
0.2524418059708295
0.1764430688535303
0.1715313042461282
0.1867116451161581
0.2653847227785103
0.2581507976354949
0.2596147605188045
0.2440998198522327
0.2263417108806849
0.2465565914875391
0.2235339117510471
0.2343986783319709
0.2233145466308853
0.1939366298835086
0.3245022889100840
0.2788946192756899
0.2511014064299045
0.2879584998893318
0.2499112246835025
0.2425722653892887
0.2307678892694483
0.2617706830450711
0.3206848894643088
0.3382714254894551
0.1922993660302634
0.2466288381898880
0.1709932751927487
0.3063417883237704
0.1169414381172348
0.3420422572862776
0.2625115630707872
0.2626206573727065
0.2502414028887988
0.3070114088504196
0.3185714583522395
0.3291679578002061
0.2842938953173032
0.2065511977209854
0.1884944661756674
0.2368713610902642
0.2422874477613552
0.1854613755982506
0.2811741612914256
0.2498508161997180
0.3494099248200253
0.3347753154982464
0.1709991800610335
0.2739595297362044
0.1908545263720772
0.2383215098550301
0.4976574009721985
0.4430466671443752
0.2055871235302827
0.4388341636317653
0.6698339391867622
0.4139107481203230
0.4182323768157155
0.4230540432272401
0.4532001064531377
0.3783455182267141
0.1104972561088243
0.2175095793289540
0.2696612360987821
0.5006125124874635
0.3967706677848098
0.2822841383400584
0.3186180689836318
0.2986732406119568
0.3868777692204312
0.4662639535532587
0.3850106280159877
0.3930307639830461
0.4037457443144798
0.3995774582601832
0.3255205922839296
0.4297835705866241
0.4082158542588878
0.2793249123960737
0.4655887293388776
0.4587640484214041
0.4213315756387915
0.5196159239599185
0.4080385909903110
0.3753561860547805
0.4163266851601153
0.4232262145502705
0.5022376191368482
0.5228784803529393
0.3072562948189554
0.3891059309377741
0.3227670123231525
0.5101164632930089
0.1905470143714503
0.4869130107647111
0.4768346298185149
0.3427213705290680
0.3508802012556577
0.4147629413619881
0.4933226396891860
0.4985969665038625
0.5103802569816731
0.4283542514476645
0.2987167402158587
0.3628889170043817
0.3283287815352730
0.3533247339779256
0.3614470362891622
0.3151361086071905
0.5275396484789302
0.5597570101385784
0.2734882474434362
0.4780168846045357
0.2333751924021440
0.4480177441961059
0.3177867229854064
0.2606803320750232
0.1472800032484719
0.2818543023011341
0.3851730420370262
0.2116962771979610
0.3001922886982024
0.2815485815937069
0.2805862907432837
0.2363225387552474
0.0477460035103791
0.1320572766924402
0.1654693625664581
0.2606341029499825
0.2896296200696819
0.2397573166926220
0.1582546302675544
0.2449282740682567
0.2653216924342704
0.2388584366715046
0.2834064523936484
0.2575387715416196
0.1948567505409979
0.2945051636463663
0.1745534974759008
0.2701595990868002
0.2471355774825249
0.1879169071775391
0.3088199495087989
0.3380110459535910
0.3076323705265438
0.3290274592944799
0.2334998591111776
0.1643320204815647
0.2586419037206228
0.2525668132890982
0.3216695583117916
0.3229135047348452
0.2494352466532592
0.3054691605811670
0.1501820319996993
0.2787562697247893
0.1371638754480017
0.3250886465274485
0.3201711045899941
0.2535899641132709
0.2232481597408069
0.2676638735999913
0.3094899821156117
0.3193617627429092
0.2708948083517966
0.2775957799530723
0.2066169114359068
0.2073802723719382
0.2446308354944257
0.2245484210817698
0.2630805160807619
0.2426561972410834
0.3469676899107053
0.3483458610087890
0.1432140953346031
0.3115218815542775
0.2053159944437477
0.3105290948649479
0.3964993885815553
0.3683226191218775
0.2372208424426428
0.4177508727395346
0.5677164067925315
0.2250870375940580
0.4575924939867074
0.3888180472852247
0.4227243063260359
0.3855026309952801
0.0393798514520888
0.1983585636656113
0.2207800892942887
0.3269117394597789
0.4656830270057068
0.3789761251787841
0.2236336619309584
0.3397689403605674
0.3549003405113613
0.2578963792709880
0.3711352858479403
0.3295040893561859
0.2225438677512571
0.5158958666893237
0.2020770243852256
0.3589078143132904
0.3233855792847244
0.2461093535650887
0.4462872098550513
0.5521576256483027
0.4595899044503539
0.4737950921109330
0.2581304363662532
0.1932502095537838
0.3914747119036264
0.3390426093775723
0.4554513639028572
0.4558768598714283
0.4416372573443905
0.5025694440624615
0.1659012676306513
0.3973433227312878
0.1911478478560858
0.4437278205167428
0.4984839253134211
0.4050264407053266
0.3391774930569347
0.3882164654370521
0.4772512412550742
0.4809975035521464
0.4081182588500643
0.4637607444393702
0.3479850900540917
0.3588686007398100
0.3484021671499614
0.2991571399023222
0.3196863194387152
0.3294542007044752
0.5403991326308457
0.5274324152171337
0.2202987820817366
0.4809348876150875
0.2946490333793296
0.4960922295355246
0.3133231163788975
0.2827567565729099
0.1598208541691048
0.3354477839372376
0.4392897469237260
0.2169516279445182
0.3325225491541242
0.2935390851699627
0.2996474894277433
0.2608356299674064
0.0595069984575060
0.1621937917859116
0.1398558937733612
0.2948798296967980
0.2879496566488099
0.2187385837844792
0.2042684896409044
0.1954196722327461
0.2531906589300939
0.2542437628732811
0.2462975073576675
0.2523004195857292
0.2267814259243936
0.3108225192259996
0.1965474653872911
0.2749955430492301
0.2568420372603734
0.1872903168407183
0.3495736313042802
0.3345754686980117
0.2953133874399377
0.3308346769306164
0.2336601492261672
0.2457401106395899
0.2881287518688728
0.2607758094458735
0.3306440049728328
0.3500479506142642
0.2503724304294865
0.2815745969092952
0.1809201407999496
0.3345811352505051
0.1343390632509022
0.3619092089949477
0.3203689096722793
0.2736905768117003
0.2716881502204788
0.3190011116360728
0.3544790867769176
0.3684446669324460
0.3267736925729344
0.2920196144312212
0.2254340289725671
0.2729570776199603
0.2325538469333573
0.2065542430704848
0.2423169586442314
0.2420362383441393
0.3716296080428856
0.3771246689047260
0.1892447282188980
0.3169716330396256
0.1916230125516830
0.3034837483726177
0.6279402143267816
0.5451713254829591
0.2825088898896219
0.5396213738781334
0.8261014049275551
0.4652476116986843
0.5529417440342029
0.5521150523197320
0.5950990907553100
0.5102325348008833
0.1105454556400316
0.2658948727107309
0.3633035706552855
0.5785486473703041
0.5758743474822798
0.4360944467729484
0.3533551390624758
0.4570772114737587
0.5212433444943885
0.5231646279706625
0.5428102394795973
0.5012260651211085
0.4422042852572034
0.5884959310351502
0.3733799116047911
0.5356305935684402
0.4986664202038371
0.3627862952007039
0.5852476081982221
0.6711982275587642
0.5925376872026095
0.6823050252549033
0.4818948711172392
0.3628511380916762
0.5259317574852158
0.5350445657732509
0.6576432173668395
0.6618481738973482
0.4791995906203182
0.6058677984668539
0.3404121690778898
0.6021413788808171
0.2546839377179898
0.6002078786851408
0.6580725588290424
0.4827025542019894
0.4324761515483568
0.5083613197195611
0.6315519076036242
0.6282826797453647
0.6119716166418303
0.5870251488221612
0.4176203714953890
0.4513934180653877
0.4664251171354438
0.4662184746528120
0.4842146872446048
0.4274636372536753
0.7141726195384968
0.7282946681830804
0.3167151880347097
0.6514947008696368
0.3479439013643706
0.6363565488950779
0.5624460794587131
0.4145658490608605
0.2241947220579803
0.5007510383902598
0.6108252235083323
0.3854457966987195
0.5057668154599823
0.4866595557640677
0.4239552093648419
0.3326710475909700
0.1121420277650162
0.2335853159210730
0.2238644594668052
0.4617021936578776
0.4057839834989194
0.3390074738049808
0.2736172813673350
0.3628837487248226
0.4430379756267078
0.4486795380680887
0.4618484919533472
0.4461642101822717
0.3664027572215853
0.3832901577897206
0.3414080556774954
0.4506466515683054
0.4186826215887450
0.3302168234723065
0.5452838618210598
0.4597140217397240
0.4592084921610824
0.4968232779007261
0.4383887667852549
0.3689895508107481
0.4022829939571047
0.4161852840220895
0.5172861069129949
0.5388593937392155
0.3161277263058132
0.3952291878784142
0.2909777331965751
0.4732804196004948
0.2262126830233598
0.6019007236194658
0.4462535007465238
0.4010248367074692
0.3938321657673310
0.4918320434860683
0.4945653897046998
0.5362126548953511
0.4214033522764616
0.3526318512646103
0.2895237226321530
0.3152461433013227
0.3964215229671120
0.3418503640127663
0.4865773078564816
0.4397740515955962
0.5241240334692031
0.5303874819936820
0.2423825042026602
0.4418255667698282
0.3488555517630608
0.4115541795439225
0.1699300117419586
0.1610540544497933
0.0760558218610668
0.1138624601700341
0.2628282724864796
0.1388081304410451
0.1173328786881974
0.1533285774459227
0.2054019541123286
0.1889027038710438
0.0306080814651965
0.0683008571101988
0.1434862133045003
0.1843497396937060
0.1926127531346271
0.1205227873009988
0.1009478651486392
0.1421440226519187
0.1560638640649938
0.1545152017047664
0.1632816769014720
0.1301111975383455
0.1351852938904154
0.1989459497481669
0.1082838204238365
0.1383626803397310
0.1316015422305272
0.0953885809720272
0.1266887983517051
0.2249197187176258
0.1727861561579291
0.2226201321283156
0.1335887211621597
0.0692157380366905
0.1474903704821956
0.1769633470481008
0.2073366581945958
0.1972052199407453
0.1564851471617618
0.2215123337462375
0.0947777286578946
0.1806640303724461
0.0591762122961126
0.1096901322920484
0.2235096829951903
0.1346434542718482
0.0962803482002195
0.1038320165228995
0.1851088303862461
0.1574589036935147
0.2103203239376778
0.2077868202037540
0.1360323217703487
0.1468360859926583
0.1376481162032568
0.1564019758160720
0.1166046244938112
0.0822162293096758
0.2381409475040313
0.2371753064935757
0.0960089884609294
0.2282217453114049
0.0678729398708675
0.2225938321477272
0.4333645166928844
0.3477250478247637
0.1508605267431897
0.2733429077092734
0.6196833118157647
0.3557098891882701
0.2450129634041708
0.3999509577427747
0.4855583472879175
0.4392362051098870
0.1187270559394478
0.1837929357113476
0.3036363553852180
0.4984364526746830
0.4014035325196322
0.1961102457409249
0.2483661897354634
0.2849317498513892
0.3897990313342255
0.4261648158360964
0.3863295112003875
0.3075844560499382
0.3817543750262509
0.3813373308834478
0.3380029760428256
0.2900396928995996
0.2903583869559938
0.2438804304665400
0.3012579642986861
0.4449989592073647
0.3366297256610637
0.4857756713553965
0.3708409534897159
0.2546121952751803
0.2999035289673006
0.4501071733400906
0.5012869171034153
0.4911284042955090
0.2721503345133526
0.4481690418083403
0.2649601022830906
0.4580002990890757
0.1143105945655394
0.2674543677429699
0.4539799610646006
0.3127542717782817
0.2387885986898258
0.2743799452425520
0.4321777056520843
0.3624089295619504
0.5090391610897393
0.3855349105741662
0.2816956639463039
0.3545558206541949
0.3327192411872400
0.3433666663912109
0.3260350865008104
0.2033951114117977
0.5606418404343398
0.5402227858889381
0.2503304332013230
0.4943721583618046
0.1388217932234814
0.4314501304672464
0.3837845872038623
0.3495763515691354
0.1918324714941063
0.3505973715490464
0.4844480562951808
0.2719749320684506
0.3835725027170540
0.3246932977250104
0.3410867085556027
0.2846539284770060
0.0424091263909695
0.1520295070661631
0.2240540389498056
0.3065774270000450
0.3676696927037830
0.3273329808784622
0.2048279210741140
0.3163463972121351
0.3120455124825565
0.2883174935196784
0.3419041564524509
0.3243013078394028
0.2298804478500210
0.3875202794730506
0.1832036884723988
0.3646233040749390
0.3288923268121250
0.2229073391895333
0.3837050859591905
0.4413908567934455
0.4087385622073026
0.4275949741723054
0.2754911341814064
0.1839125247364811
0.3495490231388811
0.2979417225725506
0.3883675784610836
0.3874634850269146
0.3359284991697999
0.3882845576837626
0.1861861418197979
0.3399907524247560
0.1833762161525020
0.4063412534140623
0.4247813868364329
0.3007259921437867
0.2716288477719594
0.3190780542567860
0.3824808085333795
0.4012914354057807
0.3367871025430874
0.3904024790648980
0.2647147008598797
0.2482031549740338
0.2865617286857016
0.2934280584620653
0.2962173409946365
0.2908018731702724
0.4156246324924686
0.4374607493058045
0.1700123345219063
0.3988978686834566
0.2544473048886582
0.4199334237317237
0.5504793314519417
0.3261801175275942
0.2031508601958714
0.3843891228612692
0.6035576194489468
0.3048253228423672
0.3985832645917819
0.5414020663167320
0.5174354663827244
0.4576150547988473
0.1235256627031627
0.2318406653131695
0.2665052188771014
0.4761295947058177
0.4935550965318515
0.3134716379267178
0.1938661337211224
0.4150743482932434
0.5170570353456874
0.4021995825176116
0.5406477161855219
0.3957924194749005
0.3381937699305265
0.4483030621757733
0.3849327770355089
0.3199618495445063
0.3065651863861378
0.3381661099738157
0.4392381677829009
0.5349786886564261
0.4336558792834634
0.5059621817806090
0.4210005114337780
0.2341990805104726
0.3048175469898236
0.4897722864104961
0.5865095365577551
0.5704027778337363
0.3571989257219630
0.5586734509810022
0.2124090595035313
0.4474270378733646
0.1689618154460552
0.4341765697383106
0.4786209414907903
0.4619932310761231
0.3277000841884770
0.4098771185874822
0.4956977901666015
0.4560713590861856
0.4420607302796000
0.3388818625822030
0.3263254716891787
0.3542447250544556
0.4838665698904137
0.3550466310701686
0.5322017681404173
0.3989601861523756
0.6552040194211903
0.5731466410253667
0.2364681580886601
0.5200147694139644
0.3239498590847291
0.4506303545283383
0.5506450601828640
0.4973566428337746
0.2451352902969496
0.4586501741049649
0.7235613494581313
0.4334782013857804
0.4749739799694959
0.4623964305914899
0.5119532159421123
0.4314567360484753
0.0896792956769198
0.2174831923370512
0.3423304988226355
0.5044083979396230
0.4986591923248264
0.3932560514820791
0.3147422214364564
0.4122413905247360
0.4465917938535541
0.4709830285895561
0.4741551513923409
0.4473871899958637
0.3908743955796848
0.5100531531708655
0.3098610342682081
0.4942843693742610
0.4576328066884708
0.3113368396999495
0.5006169538859830
0.5890894034445862
0.5325759701204540
0.6128742590601316
0.4263374757519731
0.3038107770579765
0.4743903166961053
0.4623799728652372
0.5673067671788715
0.5673004515661937
0.4192263890268227
0.5253589359982862
0.3081463301363763
0.5203078696656814
0.2310733593250171
0.5186728787868798
0.5900681616763835
0.3962748101549234
0.3613283863637435
0.4222913967090646
0.5392602829184332
0.5398151581528297
0.5331853941083273
0.5374039506575642
0.3588935432127801
0.3715202640709180
0.3925314322297754
0.4272248925372643
0.4070123044924667
0.3605774248831063
0.6027703141536624
0.6346404791939316
0.2658099291450516
0.5744321897044999
0.2962529367872181
0.5749759514762907
0.4170872746135658
0.2459657728786970
0.1446645119373489
0.2723489728205473
0.4120625845055618
0.2447875061707707
0.2939114983707217
0.3824931095167076
0.3499400467876855
0.2937004985702417
0.0834160322368529
0.1515004593631493
0.2068128570281388
0.3305711162057227
0.3448348182791476
0.2486473067906851
0.1302803974312385
0.3297875172147021
0.3771517494265536
0.3035076017885741
0.4107062524594320
0.3096940066050433
0.2395068752100038
0.3012379902854960
0.2648937890350835
0.2629440764023789
0.2461650257455290
0.2506706773842360
0.3199385113700908
0.3781107919718047
0.3332019237521129
0.3716575939646206
0.3206472717918610
0.1508422556182858
0.2252336972228330
0.3437237745149279
0.4144606715261136
0.3984813705607506
0.2494533404831031
0.3909887895068315
0.1570509994009975
0.3003061299194800
0.1391698890778940
0.3332936179741794
0.3450254601281801
0.3130704779029010
0.2230007254350213
0.2861342576646517
0.3348901594706655
0.3203255676551560
0.2852927160718628
0.2400738814904383
0.2180333068295275
0.2068814952746096
0.3480440028855850
0.2737924235565343
0.4019243211494217
0.3051723042590407
0.4387607534207638
0.3948223879268809
0.1451025999843885
0.3630707286325446
0.2536426506459362
0.3268942458475393
0.3755728229775324
0.2123929478918011
0.1587721120773802
0.3155050868458539
0.4149915459230472
0.1657226190022839
0.3280439253488905
0.3964832337476950
0.3562885929146512
0.3221259321270873
0.0822987641362981
0.1835149024939056
0.1393018484592310
0.3085740482825962
0.3535633348877322
0.2315044938800674
0.1324039724054258
0.2752753947848951
0.3598062433297498
0.2419953416873086
0.3667307530274704
0.2702227760274005
0.2100952025756949
0.3350858176006785
0.2657487180390532
0.2102374223631037
0.1998960149962337
0.2418480959897870
0.3496985078688338
0.3811405198092268
0.3036777351225576
0.3304748036240882
0.2707103968199320
0.1833643904641006
0.2166459766585631
0.3265300173403139
0.4066795585307673
0.4049816650221927
0.2716198958641461
0.3907462929656248
0.1271684483397795
0.3150181166525415
0.1223212988022782
0.3482550997045989
0.3205181591946306
0.3636665068840968
0.2704235576586745
0.3370491349150553
0.3702130708638804
0.3547428936203655
0.2975224518353224
0.2211249293454546
0.2437383987846490
0.2771584489118217
0.3508628822074852
0.2149796233080495
0.3840418440512059
0.3142770634976142
0.4724833787122735
0.3989612672266515
0.1768844514429030
0.3499206044313846
0.2586072350628458
0.2985941952270176
0.3011404039906199
0.2962126225465271
0.1457544017218875
0.2132730476701156
0.4544843129744971
0.2405047966199582
0.2338053274480943
0.2632058426991072
0.3506287856837574
0.3184434664744084
0.0394487851373990
0.1143179237752675
0.2567329226184454
0.2998316854876126
0.3500329227351522
0.2490370711606001
0.1731843517727340
0.2734955294837683
0.2721271099484604
0.2566691787529733
0.2948289008692923
0.2413548482106153
0.2168448549749729
0.3683969686796417
0.1651765721375364
0.2681606782138442
0.2484119346474971
0.1693208827590869
0.2390228809459798
0.4165820783022708
0.3337077411831287
0.4015687046126019
0.2260615314520295
0.1006797430346236
0.2785971735444925
0.2966162708459362
0.3592000418535471
0.3391599306356019
0.3020518956190453
0.4024274288654559
0.1562468682565805
0.3040876251228571
0.1212480465936276
0.2169007345551722
0.4099369613193143
0.2404403670975720
0.1741267869560411
0.1878005788278573
0.3255477695223631
0.2887195386903805
0.3516347121381920
0.3879680519325271
0.2462640621310534
0.2434079093349913
0.2437306178462831
0.2830695428634118
0.2055783742780298
0.1617972733162933
0.4088866954836740
0.4159744239760001
0.1562776470227597
0.4051737795235131
0.1436416112981166
0.4133399721827172
0.2231185185383842
0.1668876963525870
0.1336369847358397
0.2169841012433397
0.3363224530670815
0.0781183873775188
0.2363990917448084
0.2657942553840651
0.2931881262254901
0.2902360911341122
0.0347142089434607
0.1320012653947897
0.1211490453513751
0.2027178097013588
0.3096879450814510
0.1974325198709604
0.1022304466625593
0.1992820685992844
0.2404458918084333
0.1228147258968871
0.2403048166553503
0.1630833439676999
0.1201230019906447
0.3333253922716499
0.1512846500860106
0.1371015260602609
0.1280675743645259
0.1505013105078348
0.2335975383859727
0.3493302559030210
0.2437309239754087
0.2667479916600740
0.1385050706668218
0.0838100517226819
0.1831899882022253
0.2318803379379821
0.2999445442190246
0.2914186445824006
0.2740184465798905
0.3569019750170869
0.0621454852358749
0.2358063148907767
0.0812900997645332
0.2027344678866237
0.2917013454455931
0.2840288781832520
0.1931964458090070
0.2200211557355008
0.2966878401315294
0.2645681989736806
0.2574303128206153
0.2486817923198514
0.2258600986330989
0.2549346354713604
0.2470537492247517
0.1603461199029248
0.2124138290639813
0.1853872551937826
0.3882159462576552
0.3309264971815390
0.1430249756277659
0.3083255278623512
0.1652034580294177
0.2887252862068003
0.3368888338725104
0.3443918266510211
0.1235666874124109
0.2743681395650233
0.4534692520152798
0.3565840161761049
0.2542712299519557
0.2316356496742436
0.2701856767751226
0.2016965988537716
0.0711708274789755
0.1171570195935395
0.2185245666296142
0.3508081049658884
0.2190690218636870
0.1805621803500353
0.2446370995138836
0.1916761701171954
0.2241690032902350
0.3670024786138303
0.2316698708049408
0.2811806949471948
0.3054951161673933
0.2169973478849227
0.1973739028471529
0.3464250564532089
0.3264486931708369
0.1705962995161843
0.2919061677545591
0.2675931445126574
0.2858062561524615
0.3667533545382143
0.2976341686403025
0.2714524136966426
0.3080515744901724
0.2675562354462984
0.3061912362094628
0.3223688668714510
0.1640468619002197
0.1961587511455781
0.2659247246805860
0.3427787532232207
0.1405553502257446
0.3244154038449830
0.3211192042579879
0.1524167072895618
0.2049001380852534
0.2397269991211110
0.2962618201209128
0.3142932927499303
0.3448189329768129
0.3121214351236197
0.1662384625680072
0.1920960221783473
0.1642198979091663
0.2664482488908106
0.1976466885385194
0.1743371699125076
0.2807747557255510
0.3555431181368728
0.1693153126540014
0.3034989564130283
0.1200102712323619
0.3034315786826922
0.3571281713733468
0.2593090949166763
0.1684962635874957
0.3332188664963688
0.4670192961173821
0.1948652821559380
0.3360808892031203
0.3687925564798850
0.3669760796796322
0.3349344418960384
0.0761705554404629
0.1856295283308859
0.1564274237091945
0.3283605621122487
0.3549250321379080
0.2328192556595164
0.1788293725345961
0.2472535664365886
0.3283457990496251
0.2586460012363651
0.3245871260197022
0.2660160344924893
0.2335656294608852
0.3609233029348056
0.2494408878370459
0.2417421835229146
0.2298237192313239
0.2239666317492469
0.3569905396224942
0.3949223955252075
0.3140603143599990
0.3576443101829788
0.2606818085957801
0.2182650462770370
0.2638498268634118
0.3226031641644164
0.4011147597760112
0.4073900509469525
0.2877631566495077
0.3795060216887030
0.1587546500349337
0.3521885477890010
0.1267918497604837
0.3505720678523868
0.3520686577897110
0.3454665393043820
0.2825086335820539
0.3375501808556301
0.3926843201222048
0.3786994995236095
0.3505016084013134
0.2856283092500362
0.2602826962277294
0.3114376576631707
0.3140371920189159
0.2259128959683365
0.3227998801811165
0.2791587008559136
0.4708013050335725
0.4266919974891992
0.2023845169755766
0.3717445637594810
0.2252884760010238
0.3328178155887233
0.5796931210972156
0.3519935348672693
0.1971912386412416
0.4015981493523481
0.6164502804734884
0.3599142913137514
0.4041797155130153
0.5416551832372559
0.5046656709491119
0.4293140961021608
0.1371632445501643
0.2325314531452506
0.2723899101141925
0.5076970934745857
0.4626622912885741
0.2990848712594742
0.2192394516430206
0.4068270473449855
0.5170607476087912
0.4557074086626267
0.5403007736804867
0.4215545978794096
0.3789121661787777
0.4053113909192637
0.4049879459561018
0.3566163550652479
0.3425448788046794
0.3470325937012784
0.4571894994583795
0.4996775681794147
0.4308404468072476
0.5126969527067877
0.4607127396753039
0.2860400405829773
0.3195981318537901
0.4960986936693922
0.5851992158788675
0.5771613183716506
0.3174004008086124
0.5083403603967876
0.2556871555850719
0.4672156912023568
0.1794275168363406
0.4699188464138000
0.4652166765882574
0.4364365434976714
0.3348569938256920
0.4243160076184916
0.4913641157899574
0.4660116116803477
0.4492826379552656
0.3248710142421404
0.3044047424278815
0.3358301183066326
0.4698745183391379
0.3672359552362693
0.5440393302927119
0.4075899682165191
0.6263503115947410
0.5669091112142383
0.2410757042868173
0.5030175301851794
0.3203318980263349
0.4305729443862354
0.3649185393453949
0.2444978855428165
0.1427736927142274
0.2115615002746348
0.3738552393953797
0.2172466971027622
0.2595410255857713
0.3213174969501474
0.3285279621818309
0.2806001243672419
0.0454139844666189
0.1107385443425191
0.2404455926555309
0.2661617339652613
0.3582507584567197
0.2861297852739681
0.1008229836090890
0.3560206530930639
0.3408101625471496
0.2462482333160129
0.3937567313444144
0.2839407742224738
0.1804603888688099
0.3326125619615011
0.1884205467600082
0.2612212232573521
0.2356970089829948
0.2163587408974857
0.2613843454938075
0.4112534470000417
0.3554734964650441
0.3791848690687885
0.2646085442860999
0.0448833480322335
0.2269259599530083
0.3050045040175088
0.3788815807821793
0.3451103964155121
0.2913915273098258
0.4283355531686027
0.1134685137279645
0.2432898956042816
0.1397250890134381
0.2640288964806177
0.3766323677850376
0.2775612073724155
0.1683549960511042
0.2088286849043825
0.2955747983048163
0.2732119945248174
0.2518027834850272
0.2965015285424515
0.2219652121845893
0.1666873809773803
0.3188875629167519
0.2867219685258202
0.3368679690775239
0.2572152207765788
0.4061771941088749
0.3768460150855764
0.1052605523105922
0.3757730937202164
0.2355488152219673
0.3765855884053499
0.3354209912259746
0.2500601076127884
0.1295087646620918
0.2391540376550385
0.3195647196245356
0.2360237597998010
0.2749923711058676
0.2599764574688280
0.2350240393596726
0.1735556505870790
0.0399055390208569
0.0968240566118138
0.1861132277759512
0.2294541885633594
0.2598533528586911
0.2549637249303444
0.1216893051073208
0.2880913622979984
0.2685064608228355
0.2478990894558026
0.3144022225129764
0.2785717072953156
0.1769122906539075
0.2387463213638191
0.1534875257122607
0.2911298123732843
0.2605821244630051
0.1909334312393531
0.2801621146019788
0.3072548270661470
0.3165984509542720
0.3201013310937501
0.2522586769738238
0.1101181404652714
0.2356207751093401
0.2332167273445246
0.2973259378466306
0.2863371220066266
0.2173095413834437
0.2821975901369490
0.1410818592805290
0.2207301894106789
0.1499185321551344
0.3178208094555712
0.2997604765334231
0.2089225854380854
0.1765130703633455
0.2240342981467527
0.2494397785206403
0.2719624021677366
0.1987836988615175
0.2437694495791551
0.1647346596935347
0.1130730882992356
0.2401944522857805
0.2434474427913750
0.2890347417864024
0.2530956520433122
0.2828885432500619
0.2985357057467439
0.0897718161001409
0.2789775543247366
0.2225474465003513
0.2938204977735724
0.4057844185603102
0.2842950944306349
0.1531934312393584
0.3321857777070367
0.4939255842215841
0.2726158327416935
0.3164752737277263
0.3845828817233816
0.3741611188669346
0.3236860405712064
0.1035139417645095
0.1870895766277490
0.1819070228940133
0.3916953838473169
0.3275228042077877
0.2011234725419545
0.2048998203938180
0.2471949201688159
0.3490960744922222
0.3427447240059703
0.3454470350197891
0.2980321004169731
0.3005541435250958
0.3072200706361267
0.2975004246837390
0.2723781689102130
0.2644743989264683
0.2416260371181926
0.3596666376325062
0.3572622668336036
0.3040316265131600
0.3763118517393556
0.3266549001202319
0.2741201636457905
0.2664901907638704
0.3565992248850296
0.4204520138195398
0.4305414323477106
0.2316947285068691
0.3390011377837822
0.2158510565904996
0.3840823875804494
0.1296080091080143
0.3663829937032824
0.3420682193822383
0.3177452495442386
0.2776746306156739
0.3402714160570059
0.3886044929459154
0.3761648768782831
0.3750323666415306
0.2633462581057877
0.2345124827967942
0.2938272263346056
0.3132859009873875
0.2536831017189144
0.3537945187328104
0.2808501508063759
0.4597731860013396
0.4322362526831111
0.2115053446838345
0.3680226133341150
0.2098826447466544
0.3131553012382987
0.3225091822388945
0.2309222718708694
0.1769358827331531
0.3242689681166515
0.3997207261091394
0.1315034412871667
0.3561624229492338
0.3424968986820169
0.3260440473626559
0.3002318286750827
0.0440313853296023
0.1670009386053493
0.1336668361413210
0.2433904302806255
0.3602994050153084
0.2776563211614574
0.1346117524012586
0.2702536849184154
0.3078772164152747
0.1796752414474161
0.3196538064924127
0.2515912104112025
0.1550971237124399
0.3784637772411487
0.1883086112033172
0.2310987787312360
0.2092785335741142
0.2109021488651241
0.3522715940525449
0.4098654576689602
0.3320448262540645
0.3299784577373197
0.2071193843997031
0.1424997848129552
0.2533171187172293
0.2718384988880461
0.3643015876832923
0.3631423616121036
0.3238616613577165
0.3958134489343137
0.0988040697202358
0.2876341778406354
0.1368006319813118
0.3509306886666269
0.3448876227361837
0.3499918777944221
0.2705223935442098
0.3235081769334376
0.3643791625075034
0.3640096900155566
0.2783095431634572
0.2831172379761840
0.2601063683007348
0.2727371831698025
0.3113859843934831
0.2047192587008476
0.3118838579538808
0.2954112975246222
0.4379783101099439
0.3882526504094974
0.1627944213535010
0.3485646327928106
0.2603615958785618
0.3362291696577658
0.3952228288746870
0.3363969148352052
0.1851945469731218
0.3761392563783985
0.6442357150582819
0.2734374612666564
0.3369811694015279
0.4211331062136751
0.4869084460586058
0.4616116253478130
0.1144214284638480
0.2346510792879050
0.2098610376205678
0.4736860160147487
0.4120097374329747
0.1975568625747244
0.2761894793145986
0.2150196252344259
0.3630441700171082
0.3601592590641178
0.3242773118716786
0.2794487714114803
0.3531168221050294
0.4336036317674636
0.3340393434470326
0.2639623253974232
0.2664966494305279
0.2400270555380205
0.3851592573289958
0.4548261820909081
0.3230056858941180
0.4457058204302092
0.3155409352618607
0.3338121183332650
0.3264837500632615
0.4206611055559875
0.4913252907365202
0.5088946128324330
0.3125356369778518
0.4309859469677175
0.2462651799482165
0.4962321671547719
0.1137837019623590
0.3464369832523784
0.4329896009136834
0.3841315536856177
0.3319599273326524
0.3782434541847460
0.4975377682796805
0.4469231701597227
0.5324556886453720
0.3812060785206515
0.3218456800262218
0.4522212019044581
0.3308457560582477
0.2719025973833502
0.3050607203740300
0.2409867083849035
0.5956229891351392
0.5549170314546576
0.3010881162638799
0.4762888483748690
0.1665989398109506
0.4041857989890093
0.5854118500436090
0.4986880165265431
0.2545730762747211
0.4879265993063570
0.8220738603573579
0.4359393094688639
0.4764138732783089
0.5429745832592723
0.6103805528644217
0.5434772664625195
0.1276138824758665
0.2687423574882859
0.3476859236956443
0.5988629752343976
0.5551824599288002
0.3566580025915045
0.3466190524139311
0.3971560738047540
0.5054640188143690
0.5134088445433067
0.5048983178915254
0.4460723798468848
0.4546113482105142
0.5639057830177850
0.3993645017233649
0.4555934302650209
0.4357872904015510
0.3403032329939235
0.5235998636778771
0.6333011148669867
0.5192240711137426
0.6460650894981259
0.4625301011055905
0.3699260526650011
0.4725580729512477
0.5465264548728501
0.6504338953041833
0.6550648850297820
0.4368497293398090
0.5909492348678036
0.3340647538034675
0.6085283148733278
0.2070210830481085
0.5105269037420944
0.6209540564287810
0.4706553784435334
0.4057855527612086
0.4714250096264468
0.6193748640952438
0.5830335999085868
0.6391498595039534
0.5473431680747631
0.4070650624337492
0.4847011828516243
0.4503324479080860
0.4343581207719903
0.4496548752379925
0.3659064142150323
0.7305061364373405
0.7198308059451503
0.3349299306018553
0.6412759793147322
0.2821679865795134
0.5943479098164595
0.1774754670545906
0.1908163492902990
0.1076623912043345
0.1637854043839397
0.3724302317673762
0.1242512655802522
0.1549346109811134
0.2058491858724477
0.2974454621633105
0.2999613981290708
0.0409237380582684
0.1140565245261924
0.1538933252173334
0.2424835767937336
0.2714494628151985
0.1316031532316735
0.1439496630153463
0.1342243993407997
0.1873303552709512
0.1595813000152100
0.1701422885284919
0.1254945537712454
0.1663660072714536
0.3054724880470989
0.1461553565664741
0.1282071552451559
0.1285386927034609
0.1087307598794979
0.1662140382250356
0.3115531894732579
0.1970816752692413
0.2736311297565537
0.1302732073967567
0.1116502697474285
0.1883872837522330
0.2324321958689181
0.2749216917966473
0.2698281749967901
0.2300673083394534
0.3096286114846413
0.1060746918877188
0.2638641285131917
0.0522745108917125
0.1171089102079293
0.2922503876822364
0.2123667272280220
0.1523958307047346
0.1552217390805881
0.2786146458590178
0.2246937093021657
0.3192258574484337
0.2839835210109707
0.2099015893833573
0.2713895914878741
0.1767863371903244
0.1671167554699240
0.1131903235005829
0.0823122278324019
0.3600485878063449
0.3346882874603658
0.1634879903470894
0.3129231527190214
0.0631477397634669
0.2899504716318816
0.2171513314799064
0.1913304982724487
0.0967252860111692
0.2591101837831037
0.3097635908873708
0.1716174257792768
0.2270476587752849
0.2030032840022026
0.1874899111701208
0.1561456482675681
0.0653910283695245
0.1288595826235301
0.0561845843121005
0.2366615206261272
0.1430285951502175
0.0894368427451333
0.1716032698283866
0.0685813874156768
0.1552926228489381
0.2110379191137749
0.1282876218387492
0.1678481890832779
0.1984351915259183
0.1520286677669604
0.1709150993683233
0.1823360647467748
0.1782635569652536
0.1273856931396457
0.2592959314331306
0.1580174672216303
0.1521322756010325
0.1935967110803347
0.1816866000198812
0.2629179444219921
0.1907598153291771
0.1766946389056665
0.2115785502704569
0.2451147058506321
0.1050091027246748
0.1059345877667784
0.1655116262054541
0.2616996725949708
0.0810089656317019
0.2780106426532845
0.1650482427797188
0.1704740588155211
0.2115154147398430
0.2539292111015656
0.2454136167511630
0.2662140511983354
0.2409387720107296
0.1458835347932265
0.1275165476847658
0.2032049019419579
0.1322570039715359
0.1110032201056257
0.1620999415097352
0.1635216052309556
0.2280020892554607
0.2397320121874544
0.1559783175834899
0.1726168178992604
0.1072660295390648
0.1396830658184561
0.4531406025420758
0.3455917046253973
0.1995364502631128
0.4488385158165328
0.5107830301675436
0.2945971331824281
0.4542362886262618
0.4041568672014137
0.3466236391695418
0.2762543612942344
0.0861420023404551
0.2056838662193070
0.1594458073481396
0.3663583271725806
0.3413279654803876
0.2928406931603079
0.2347597720776392
0.2856223297041194
0.3553547641262383
0.3469536940084689
0.3635224376495647
0.3643262069556286
0.2881354967173429
0.3384302282133683
0.2711880291821336
0.3746610411842255
0.3461194467177766
0.2711320939439198
0.4806874463567798
0.3894581737547721
0.3855931704521286
0.4028028056490784
0.3423998818630621
0.3225966071301686
0.3486283243751877
0.3294244081740361
0.4215559879279886
0.4471988289771327
0.2820845830000071
0.3241455199713789
0.2329061469143708
0.3987561331106527
0.1927934070602293
0.5287213588481458
0.3689581667957725
0.3518249615588186
0.3545410054856984
0.4382601573636609
0.4280407434122003
0.4724409939583652
0.3504921251710048
0.3000561331753771
0.2534362429963443
0.2847419945625487
0.3251634359030293
0.2644152552273468
0.3928477775093125
0.3783966179354041
0.4385744443610261
0.4424905604632477
0.2116233485048203
0.3611126417690876
0.3028824371088407
0.3402605376586433
0.3414014212735573
0.3235905231665003
0.1853199797697431
0.3597258358459673
0.5795081630265669
0.2327558081207811
0.3401883285460878
0.3604995399614955
0.4264832563867887
0.4049839079943288
0.0804771784352367
0.2061373624307360
0.1895901163925331
0.3918202893232371
0.3865328109375832
0.2224888491942817
0.2522502831511385
0.2072773194229720
0.3092000596275604
0.2941428683687248
0.2808765788397980
0.2559282917835355
0.2878368706240652
0.4265503683907495
0.2590814490172377
0.2655708274849925
0.2583741941842940
0.2084092915260651
0.3669569762305218
0.4405215835625536
0.3253325368263849
0.4128302393747467
0.2568406834344415
0.2795017278133730
0.3267207478273336
0.3530185537783477
0.4288959170218866
0.4448566389015161
0.3242979653653697
0.4028963239579555
0.2077079104793956
0.4361300501817319
0.1210345154566473
0.3367623943362857
0.4155994202792425
0.3501858824178716
0.3100750173070041
0.3477810170880946
0.4549724603953331
0.4231383052156428
0.4687966814575061
0.3873003683186461
0.3063030930572876
0.4053531378610047
0.2877528354289033
0.2477150042574104
0.2504060113443665
0.2254524989045477
0.5254673278729554
0.5030839127642215
0.2636308430679891
0.4366944631528039
0.1694954521295158
0.3973571724897259
0.4931722863460031
0.4334818753468800
0.2366056392233348
0.4531072080456809
0.6604601302324771
0.3482333273670556
0.4675089190538233
0.4449571924509442
0.4744726353065494
0.4113594373349980
0.0821039729060861
0.2208078626642274
0.2726319128158953
0.4468978410694129
0.4696245589501049
0.3617095554028343
0.2825515715673207
0.3609750006928464
0.4123131653425394
0.3949672863791822
0.4260547973536599
0.3966201472215819
0.3369088749335331
0.4904583929664288
0.2889483873128119
0.4257657819762413
0.3944366879874533
0.2896513918110535
0.4871555505463940
0.5486932422114231
0.4802777975636821
0.5395743482429535
0.3682471390751256
0.2926556199994055
0.4284813415777025
0.4176273766949281
0.5231109913496257
0.5300404647580460
0.4030928242671595
0.4912780105093137
0.2598886180958899
0.4818745531629829
0.2074435070299330
0.4986392569637026
0.5279700880935678
0.4046557900406747
0.3643858619198732
0.4268776960673155
0.5178395727409739
0.5207599759200086
0.4863927649972747
0.4749864096787549
0.3459546877527524
0.3767518761106785
0.3761706364443090
0.3598855644128036
0.3843032470135375
0.3546301320351639
0.5786842496907565
0.5851412096812415
0.2582664848059029
0.5201646973478934
0.2924629938079109
0.5114956930298518
0.3609660165290419
0.2156043705838954
0.1224010982513992
0.2300009400756438
0.3443631528625721
0.2195643865160246
0.2517768690275435
0.3203075624094314
0.2892287934282735
0.2365704384051062
0.0686642459682563
0.1228069701656672
0.1824468871524153
0.2777140758040157
0.2884523716085222
0.2191032311672606
0.1098282247369121
0.2897841500674899
0.3202559614738718
0.2645069192744830
0.3543257025773836
0.2719257490575890
0.2037383807131746
0.2484016874760745
0.2197652981426771
0.2371100119738633
0.2202056690758319
0.2144535073268946
0.2728604605812063
0.3185444791413170
0.2908665776765496
0.3198063267220562
0.2786725225900000
0.1236010916640684
0.1957260114783251
0.2885192190204254
0.3486226377330897
0.3338364865125790
0.2090122701447993
0.3266210800053528
0.1370840392377533
0.2489676123769726
0.1247453943773418
0.2902736714819388
0.2945812117837607
0.2568732412203913
0.1847046259956176
0.2390947648741078
0.2769913328980274
0.2697724399851762
0.2330205857510642
0.2056233763304197
0.1792944999307015
0.1592370155080874
0.2930665455752109
0.2400379630418689
0.3447591683179809
0.2633499954006575
0.3597937421429136
0.3299316963110056
0.1151913194329427
0.3050891071415239
0.2205265012428635
0.2800254804241849
0.2545049613448361
0.2209522161015681
0.1040398812561335
0.1510031948727410
0.3652940120088333
0.2004960293002393
0.1586927869958580
0.2284558299412917
0.2953275338671206
0.2692211788242344
0.0472844891578148
0.0945618687059676
0.2108869165843793
0.2654359214460078
0.2772266355646392
0.1720358325216166
0.1317104057622740
0.2181134061141404
0.2371857157193981
0.2259882866605539
0.2529062905356103
0.1914565713727056
0.1933048963793829
0.2758161380670933
0.1632960212663327
0.1928251754515297
0.1837263159989157
0.1434202469962884
0.1738237883728065
0.3201578796007868
0.2470399015197965
0.3180860176369716
0.2016335266771803
0.0856469690845465
0.1976659757563173
0.2609341795683812
0.3032378765856327
0.2842303771978396
0.2174132889229658
0.3247123448471360
0.1310839639915563
0.2494619831293370
0.0836438601090614
0.1505479455541410
0.3161368869903256
0.1939436411799957
0.1282960611255907
0.1415162701702443
0.2567911375308323
0.2140685772813078
0.2896022019190697
0.2826397591998514
0.1888860763155798
0.1962268837343098
0.2096097206750401
0.2292574738367534
0.1874949021984466
0.1246726689415532
0.3432826910771445
0.3351026966018134
0.1287688880123473
0.3261301182499179
0.1037508606147593
0.3142868753644215
0.4237657615965844
0.3151802572769149
0.1878849426927335
0.4281637043287190
0.4706486798682865
0.2648758596355468
0.4331387388289413
0.3836544028603465
0.3201463161289542
0.2551762490006047
0.0815894165798843
0.1967923564619002
0.1360693740013590
0.3372631504541774
0.3169515764781108
0.2727043849602137
0.2157353173618290
0.2634177127514951
0.3336922780938903
0.3171844370161680
0.3395356644782618
0.3396010664828184
0.2640947860391138
0.3137964951201671
0.2560965804223111
0.3444721971175350
0.3181296626878888
0.2561246251397573
0.4577316463642873
0.3594932190530331
0.3566895034863297
0.3672227718657206
0.3177696207528847
0.3068225077456970
0.3213704017864004
0.3046783198819604
0.3925878191188933
0.4187035720372950
0.2621109914238092
0.2986068183180710
0.2127581761255130
0.3706565169714916
0.1801327286793568
0.5044135112821139
0.3355884166822847
0.3369249943960980
0.3391970050313491
0.4209682315485045
0.4018846225807106
0.4465068872496748
0.3202413034673872
0.2675950591801362
0.2362129763610672
0.2683126886019536
0.3081799559608704
0.2379869141037200
0.3753896184158215
0.3639489412023260
0.4103968447923665
0.4087714573623821
0.1984303137754959
0.3296568243291153
0.2914036999745017
0.3073026690636753
0.5053598641080620
0.4303250272118399
0.2126842008482306
0.3779304064554288
0.6186355110740659
0.3861440791893391
0.4064584764287993
0.4178928128207688
0.4553619065094694
0.3794015404624187
0.0761270162554440
0.1789915892673000
0.3262589593882649
0.4370790787314517
0.4557207071429313
0.3676472664553586
0.2505985104630060
0.4088723511275559
0.4192767294354007
0.4168675786565436
0.4606893672089038
0.4087252787553012
0.3336364120670114
0.4509742515661296
0.2726130996889574
0.4383344425977915
0.4030754872808446
0.2856942519808693
0.4253758867463215
0.5367229702611344
0.4883866365298455
0.5528120603223944
0.3890775428474528
0.2195887859342254
0.4040948538930670
0.4185742346717289
0.5129866250488665
0.4999490993638890
0.3780034614376921
0.4970229840738389
0.2563398621818337
0.4343335641183262
0.2089745605271963
0.4428951547301383
0.5326380826029211
0.3510058565717511
0.2949937997453266
0.3495457733412062
0.4597144066745056
0.4548061763040253
0.4456079416127103
0.4706153404564630
0.3131055262807375
0.2947299019885070
0.3706978509253532
0.3984651241947279
0.3912232225172748
0.3302286143723746
0.5366507729395856
0.5571140029115526
0.2106866192310465
0.5181563909193244
0.2796097412220380
0.5229699638907802
0.1550019797633364
0.1836184039217791
0.1227639735186628
0.1991441553674742
0.3466302300474021
0.0825571688833823
0.2006842268855401
0.1946987715952829
0.2680481279887929
0.2748358848211019
0.0238514256481899
0.1186282808989589
0.1143955610815438
0.1945637220343336
0.2673071463116707
0.1568175276113262
0.1377945945842906
0.1235718347275191
0.1647494668380984
0.1113275303330963
0.1460204394436054
0.1186365978435450
0.1251142434321601
0.3190222331723965
0.1126971195187556
0.1313763187764511
0.1254285182218589
0.1021983246679908
0.1982039003521235
0.3127522858161683
0.2056818859006421
0.2493222863207579
0.0945169890085717
0.1105762601013688
0.2001508282637663
0.1936082305313876
0.2483837517545459
0.2507895733163145
0.2524745841299427
0.2954510421428528
0.0813816161349415
0.2453100306234634
0.0638146553369128
0.1577679958241267
0.2794090936128738
0.2270395829526745
0.1780951699873477
0.1852023066621163
0.2815790324144219
0.2483510620317280
0.2871267103116485
0.2811923551712410
0.2155176822993679
0.2722227875277777
0.1674497850610037
0.1379092664911208
0.1013010686662256
0.1067061802526596
0.3393351178192480
0.3151699530374286
0.1575781969997521
0.2883586535050767
0.0918515236919797
0.2795689305554254
0.6485673552235256
0.5156143089756607
0.2510508226122400
0.5175288669246252
0.7623833382387771
0.4947023062920982
0.5210761006266226
0.5446752188397160
0.5409743928066021
0.4382437150058364
0.1287158982199985
0.2507904792093022
0.3419438314295029
0.5786192970155675
0.5036244145260607
0.3905609824131246
0.3339029479865648
0.4433499774862295
0.5187665951384638
0.5574100504127153
0.5467077045299836
0.5120922569026429
0.4583078033960147
0.4798839340715576
0.3950190833163067
0.5314705455983741
0.4973309010005190
0.3690230801655296
0.5697129666590467
0.5782627467169538
0.5485431796193114
0.6363595073982992
0.5190152428677227
0.3862331632053210
0.4810899580929373
0.5210074354677789
0.6271760166724929
0.6353025069486712
0.3870833249557167
0.5165238531532453
0.3578603737233882
0.5700462351840998
0.2505293578341343
0.6103241023500822
0.5826011534308588
0.4356976914338359
0.4078535844391346
0.4976292766953561
0.5752152914417122
0.5881296366509720
0.5520536875561443
0.4890908385460478
0.3535949582325236
0.3775672688840194
0.4513317846014345
0.4514961118834784
0.5207133811408855
0.4402620034828954
0.6410391392444201
0.6621132412749774
0.2874971583252656
0.5799405792775618
0.3470515689199629
0.5510168698455209
0.4076470381046049
0.2485252608703863
0.1679227327252894
0.3503844547390434
0.5142905721064209
0.2079471338272890
0.3357093427241875
0.4413353633509746
0.4260017426022950
0.3945250531496902
0.1113198443121089
0.2193670557750984
0.1581950029100327
0.3980132869982786
0.3833535409706162
0.2046695301553857
0.1861680125689191
0.2545296063366566
0.3895625556104138
0.3047230347890110
0.3739103674675101
0.2819157288044278
0.2834079188672330
0.3680258139477193
0.3291355786313065
0.2173086737965127
0.2169877846968753
0.2593657132286186
0.3768704742850342
0.4071273732698545
0.3026133250339636
0.3733719667762954
0.3112311222356836
0.2639780172769348
0.2451056087447958
0.3882571657842275
0.4641748305600653
0.4715445601673517
0.2768058430567305
0.4143063683893377
0.1787553152828184
0.4015909463212107
0.1140537798400205
0.3596309614367325
0.3550708145532812
0.3963359914023696
0.3085576632112953
0.3762181081453091
0.4345414396025308
0.4000349261649713
0.3985984202303059
0.2551265811093173
0.2763186890678282
0.3611730047216307
0.3708057082893492
0.2348090982257590
0.3938660681699706
0.3072862222495862
0.5497089390228864
0.4704896013034592
0.2370863811432697
0.4027012209847012
0.2342854980616382
0.3240132589747419
0.2048923746864814
0.2112280215815077
0.1142363353025398
0.2307778304202533
0.2780059346310375
0.1563912908420386
0.2426953653574044
0.1683880541520217
0.1719401702403057
0.1386519429285946
0.0213991158964216
0.0923065747118784
0.1023025578502634
0.1669815332159305
0.1853861763875600
0.1806960252235518
0.1378882104707720
0.1471977897661912
0.1496653073631987
0.1610843718632800
0.1574634693196485
0.1816000044719300
0.1325313154761145
0.2089041379848903
0.0926294544745826
0.2222570589169027
0.2001226353727652
0.1180000870604109
0.2425609995089647
0.2284752639511426
0.2250429175931183
0.2290262730321263
0.1462013082228689
0.1452540157442175
0.2179263300548845
0.1462446327905469
0.1983813967367490
0.2104654285154139
0.1813186130889982
0.1763338269078879
0.1194577912589031
0.2032635595848007
0.1101503599569221
0.2646472972577246
0.2255789369068339
0.1614580329581684
0.1766123663385477
0.2059036862781561
0.2221419595893807
0.2497802494822380
0.1927222891624474
0.2212631465596936
0.1453526370409713
0.1490505900246406
0.1357112844520264
0.1482425634247550
0.1434929711991952
0.1670170339639692
0.2091141633489983
0.2375012593048341
0.1064856696683557
0.2033555712506810
0.1419224254754773
0.2204212993791075
0.5150832014563986
0.4289171659491271
0.2282434194187004
0.4961040112493779
0.6353364844522809
0.3718765774022054
0.4947025526365155
0.4507829548295276
0.4290605367813646
0.3507783849201928
0.0999158444225662
0.2317518298752090
0.2248572920504058
0.4548939611981790
0.4078749816802772
0.3302405175258896
0.2966543433700566
0.3245988182752170
0.4024054240058654
0.4260141241243508
0.4081729970474502
0.4145706250017883
0.3605184583669104
0.4132498349888449
0.3129470554099233
0.4428012038523751
0.4122394745297769
0.3008114986647765
0.5285692741412282
0.4712304975219924
0.4503411058893239
0.4996717732079161
0.3984193213745511
0.3725750932615015
0.4227289621273380
0.3995318500162452
0.4989506696353073
0.5247753812865010
0.3360514763631424
0.3940303753184738
0.2916012264297722
0.4873300111449295
0.2156922683425935
0.5694953546090299
0.4630704223854521
0.3878626878526532
0.3930214241942552
0.4752447823188227
0.5048498198999511
0.5387349734131962
0.4566058814336988
0.4006798883643399
0.3060896962153053
0.3514463380991834
0.3591514608991377
0.3315298456953410
0.4131575030320244
0.3912613693599046
0.5242835488673131
0.5431222142809773
0.2600953784360375
0.4545062747327019
0.3083248281893887
0.4335046314926784
0.3666572352932755
0.3794333646337639
0.1453161218879098
0.2776380076945429
0.5180633299010322
0.3724059327710042
0.2694964491757784
0.2653224245933135
0.3365263140317629
0.2711856904598599
0.0677486808686206
0.1256931626965165
0.2739712867564167
0.3826105575512028
0.2949068306490174
0.2286373673953090
0.2541663974947418
0.2488438072498287
0.2676408075622019
0.3823475388961717
0.2835922853488186
0.3037747723678153
0.3184628040608155
0.3000884824943085
0.2079124328414116
0.3689896075356932
0.3461596144061229
0.1887000499362720
0.3005908546939902
0.3585832475363492
0.3428625056943257
0.4354301599804208
0.3125970289482135
0.2393699111586277
0.3413205598677505
0.3149758411106007
0.3648971830393302
0.3679141316946987
0.2348127479116149
0.2981847213237206
0.2662354304538236
0.3742799390611384
0.1516328931785836
0.3161299387665929
0.4029769869521911
0.1934238421598012
0.2109773242123155
0.2388843977351931
0.3415563708755763
0.3391773203045101
0.3983626002157481
0.3921493834203827
0.2158426945226861
0.2313879588477414
0.2082023311478698
0.3161273214660319
0.2164867853954708
0.1806390268117615
0.3603634175222643
0.4266510427793052
0.1850409932731040
0.3860428966593876
0.1344035562480116
0.3921199677318105
0.4441705309672592
0.4029911141632655
0.1784516308863750
0.3271647132785996
0.6115768017673093
0.3811750637056202
0.3231466073102580
0.3703146180323276
0.4410045236116391
0.3781508207357309
0.0888319621816225
0.1709738749150873
0.3079184795770605
0.4534892154802477
0.3979673292353363
0.2737712412944334
0.2656750849391267
0.3176466777424327
0.3651017260382754
0.4186132743723937
0.3805856229850899
0.3485402261336051
0.3557761034026433
0.3968571988881616
0.2785545650683217
0.3795644978580241
0.3595064674996604
0.2445501343026086
0.3587211970512567
0.4644741837497157
0.4028754642884312
0.5082957628690006
0.3637406779328066
0.2525874011923757
0.3668396937953039
0.4047847858535082
0.4732242530202031
0.4685482487255098
0.3099560890905427
0.4268015956161203
0.2726726527134994
0.4417481253233820
0.1639526245761558
0.3573143230455312
0.4813799927641020
0.2971893878651362
0.2626896873903818
0.3023105561040686
0.4307652826533470
0.4053442257937703
0.4728116740960248
0.4378108829539147
0.2837087099100465
0.3126728465986588
0.3093698049467240
0.3613037487776475
0.3123601810702775
0.2435624371624333
0.5036868615478909
0.5286426949458691
0.2278529700224431
0.4833086646118803
0.1880961627098552
0.4667815612712150
0.3042608648947984
0.3143006129952832
0.1593690374120072
0.3425922444179524
0.5130888037961868
0.2492614096091030
0.3134888730136858
0.2916450825642140
0.3403131573807548
0.3083543922570545
0.0745196815215010
0.1783172206204734
0.1566159789990700
0.3546472343635992
0.2926407701865469
0.1812605163314090
0.2548733941642815
0.1508656702124278
0.2416806141989021
0.2932693452059870
0.2121923389950983
0.2388927290237012
0.2800477336436727
0.3290871157569530
0.2230819138835278
0.2745247150151611
0.2651614024850258
0.1767712757368433
0.3442028412877362
0.3396001128706484
0.2776352672189877
0.3559064144955385
0.2421762042183854
0.3051118075355085
0.3125992446184122
0.2895875263933246
0.3495024542281158
0.3775996795121347
0.2454201063646647
0.2772400083814789
0.2237592009193126
0.3970177268300920
0.1186549632070220
0.3386732944808884
0.3426381072983144
0.2686871274802479
0.2845529701207981
0.3217781437813178
0.3899299279043131
0.3861707025686849
0.4118435538214638
0.3334415639396782
0.2438573877800091
0.3373694792450190
0.2118547683520089
0.2142251900896344
0.1979401240911058
0.1962303951625232
0.4061576326188356
0.4215165692402895
0.2357248071691958
0.3493989219385297
0.1377542839436766
0.3217368498611925
0.3762727864609648
0.3232462291353059
0.1476009800333564
0.2617110778081193
0.4447923692112808
0.3080418388256754
0.2826281404237581
0.2928025138772874
0.3210543131968041
0.2580754402412613
0.0561980962728482
0.1187950349901008
0.2534680977646591
0.3234041011875666
0.3178470043610196
0.2658425928592352
0.1844404408063383
0.3049507990210383
0.3024398107618240
0.3238718905765446
0.3391788915152488
0.3071495784238676
0.2535057406009051
0.3067439569814848
0.1960998441752300
0.3358105035361429
0.3084287725711534
0.2070107919620787
0.2990469187525550
0.3773420075455943
0.3575672395452992
0.4085257279766909
0.2974734708826983
0.1572863010842922
0.2959116557669225
0.3038230876519469
0.3674730779433085
0.3558507486317322
0.2583117005320361
0.3459945283212051
0.1996283989977849
0.3103441800703649
0.1562937380681773
0.3187076731710332
0.3864855517841711
0.2312581209638232
0.1991373930084883
0.2378044153101992
0.3183845834894733
0.3179977364951869
0.3175153040580315
0.3422570498962795
0.2134504925082885
0.1886233294186689
0.2596765132715239
0.3034585848229949
0.2833289849778065
0.2334622702094928
0.3681505480002628
0.3964352317719212
0.1429759316106924
0.3715271406723271
0.1967343010213219
0.3797969651064334
0.3320874682507456
0.3324446497654796
0.1872030056717784
0.3366124786021619
0.5459573474012968
0.2338397704918099
0.3392952672805396
0.3284121932625507
0.3991911206383253
0.3723634289291269
0.0568080682179895
0.1783273857678153
0.2117884361809591
0.3487125785496807
0.3880450219461022
0.2628206614680401
0.2325178842537814
0.2428486776457706
0.2954882776013089
0.2726478228364031
0.2880174801579869
0.2633649421267874
0.2533107972023610
0.4312290432006584
0.2116973998929932
0.2912657389076870
0.2737232106044046
0.1987359179872544
0.3504911565375275
0.4549967349245383
0.3553853866977337
0.4215583354397609
0.2404299610004680
0.2188714560801058
0.3360786419471031
0.3256890655378614
0.4064512721912995
0.4120788421504173
0.3445727899693495
0.4138286440518325
0.1880905271397308
0.3941932421745307
0.1369967907315575
0.3288540189429305
0.4322599441203010
0.3249203310282768
0.2816933676799619
0.3128284267241198
0.4248552064074613
0.4024852625288356
0.4277502213558215
0.4133322325839789
0.2992716249512048
0.3547183848753520
0.2754858634804311
0.2647760280797161
0.2348367504751543
0.2223667871524112
0.4877288162153726
0.4829484261667549
0.2277810092654252
0.4343712694861357
0.1823420812378037
0.4241535465129769
0.5107340020416410
0.3758144915014562
0.2018333204020880
0.3502278555868205
0.5889581010389483
0.3428717911119610
0.3806238556782937
0.4527295646292178
0.4717151765150607
0.4041402483349299
0.0873334241055140
0.1854060844552987
0.3115547142929271
0.4334026691597539
0.4702603635584371
0.3488462573043176
0.2086767052740668
0.4221020308171541
0.4535328455852437
0.3948687283428887
0.4954143739937754
0.3941631317681861
0.3170575438963603
0.4467553900789963
0.3013403144859149
0.3795887041918277
0.3521805189425588
0.2986001515562425
0.4034433767378370
0.5369542094514578
0.4646030555429141
0.5290658298968854
0.3896719435558818
0.1861480254392456
0.3496066383724856
0.4385281461730068
0.5321901725550391
0.5102035255392517
0.3709365223960100
0.5315278967399996
0.2214330769492467
0.4142644386323976
0.1884462096252069
0.4084818323538834
0.5103474545073887
0.3827705822643790
0.2829394110346391
0.3431794583583176
0.4530818768634309
0.4287020811554722
0.4243701019288466
0.4168214329393290
0.3119804419732922
0.2967159686528066
0.4125752066282016
0.3832922897881099
0.4391962902922011
0.3439277288550670
0.5725503029159125
0.5501129295220918
0.2031584487855017
0.5166358068935089
0.2915602248787301
0.4977003567796612
